-0.653063861074
-0.294678158987
-0.56454450238
-0.339302574794
-0.535713482456
-0.359269372014
-0.52062154009
-0.370968550812
-0.511130699324
-0.378764742453
-0.504548660871
-0.384361130086
-0.499706108241
-0.388569212086
-0.496009545711
-0.391825385142
-0.493127303364
-0.394382404368
-0.490863601449
-0.396391995703
-0.489101325287
-0.397944238393
-0.487773676498
-0.39908767454
-0.48684766375
-0.399842054417
-0.486299847832
-0.400224407377
-0.485989312722
-0.400398131772
-0.485936114675
-0.400318694754
-0.486144887749
-0.399978849993
-0.486624679178
-0.399359455573
-0.487401833643
-0.39842710271
-0.488517418743
-0.397131926002
-0.490032093878
-0.395400399795
-0.492035560186
-0.393122922096
-0.494662872076
-0.390131930265
-0.498124261844
-0.386160529261
-0.502764225353
-0.380757235036
-0.509190641805
-0.373089642785
-0.518597200297
-0.361416760395
-0.533721385008
-0.341284506358
-0.562783227528
-0.296077483162
-0.651897754678
