-0.65306392807
-0.294678077302
-0.564544690631
-0.339302351134
-0.535713871865
-0.359268918461
-0.520622242281
-0.370967743831
-0.511131869297
-0.378763410606
-0.504550512057
-0.384359037631
-0.49970893231
-0.388566037297
-0.496013738664
-0.391820691673
-0.493133399964
-0.394375603363
-0.490872320772
-0.396382295348
-0.489113631479
-0.397930575809
-0.487790861403
-0.399068620988
-0.4868714651
-0.399815674152
-0.486332643849
-0.400188011485
-0.486034575379
-0.400347932197
-0.485998526602
-0.400249586626
-0.48623083787
-0.399884096989
-0.486742557569
-0.399230882728
-0.487561488941
-0.398257231735
-0.488726140387
-0.396922103427
-0.490283252103
-0.39513783584
-0.492315481229
-0.392831265156
-0.4949828898
-0.390120397264
-0.498295903421
-0.385498012827
-0.503537269947
-0.379502873427
-0.510481066872
-0.371417758598
-0.52023038515
-0.359522135841
-0.535496405906
-0.339427264305
-0.564439543532
-0.294723702954
-0.653026506251
