-0.653064070999
-0.294677903034
-0.564545092247
-0.339301873974
-0.535714702637
-0.35926795085
-0.520623740337
-0.37096602223
-0.511134365293
-0.378760569326
-0.504554461245
-0.384354573935
-0.499714956645
-0.388559265443
-0.496022682061
-0.391810682683
-0.49314640053
-0.394361106616
-0.490890904591
-0.396361637651
-0.489139832929
-0.397901534205
-0.487827374397
-0.399028268776
-0.486921828439
-0.399760207249
-0.486401476247
-0.40011256472
-0.486128013883
-0.400246880518
-0.486122537674
-0.400119865087
-0.486381087113
-0.399734384315
-0.486913075931
-0.399067327379
-0.48775282925
-0.39808853823
-0.488921156895
-0.396906369649
-0.490383194643
-0.394807616877
-0.492742185386
-0.392128597104
-0.495737661231
-0.388775966565
-0.499521911014
-0.384497728772
-0.504427731268
-0.378851763221
-0.511054232632
-0.371021295914
-0.520575638392
-0.359299020847
-0.53568802538
-0.339317196324
-0.564532195515
-0.294683499141
-0.65305948122
