-0.653063902235
-0.294678108802
-0.564544618036
-0.339302437384
-0.535713721698
-0.359269093363
-0.520621971496
-0.370968055024
-0.511131418124
-0.3787639242
-0.504549798192
-0.38435984453
-0.499707843286
-0.38856726155
-0.496012121795
-0.391822501495
-0.493131049107
-0.39437822568
-0.490868958846
-0.396386035072
-0.489108887292
-0.397935841609
-0.48778423846
-0.399075960553
-0.486862297805
-0.399825825217
-0.486320027141
-0.400201987896
-0.486017202479
-0.400367132648
-0.485974678241
-0.400275812712
-0.486198285602
-0.399919492088
-0.486698720106
-0.39927734402
-0.487504436853
-0.398314151088
-0.48865825542
-0.396980200075
-0.49021446141
-0.395212028812
-0.492246435288
-0.392908751614
-0.494913519277
-0.389898974843
-0.49839908039
-0.386177399411
-0.50289003829
-0.380055873355
-0.509985173109
-0.371769261914
-0.519922225277
-0.359722126642
-0.535324210302
-0.33952624947
-0.564356145782
-0.294759895764
-0.652996813368
