-0.653064134362
-0.294677825778
-0.56454527029
-0.339301662441
-0.53571507093
-0.359267521897
-0.520624404441
-0.370965259045
-0.511135471761
-0.378759309865
-0.504556211787
-0.384352595574
-0.499717626618
-0.388556264972
-0.496026644435
-0.391806250683
-0.49315215639
-0.394354695737
-0.490899120455
-0.396352526268
-0.489151382395
-0.397888792805
-0.487843373438
-0.399010752948
-0.486943630149
-0.399736648344
-0.486430508795
-0.400082001274
-0.486164839323
-0.400211094959
-0.486157805429
-0.400088680516
-0.486419609146
-0.39970055298
-0.486961438647
-0.399031793589
-0.487793538108
-0.398171815804
-0.488886360232
-0.396595218113
-0.490678939159
-0.394531039093
-0.49299359803
-0.39192893734
-0.495916911379
-0.388639436061
-0.499643605792
-0.384407452222
-0.504507669346
-0.378794235862
-0.511104787653
-0.370986423526
-0.52060598747
-0.359279417669
-0.535704857325
-0.339307528712
-0.56454033274
-0.294679968262
-0.653062377159
