-0.653064184506
-0.29467776464
-0.564545411188
-0.339301495045
-0.535715362379
-0.359267182461
-0.520624929948
-0.370964655207
-0.511136347184
-0.37875831367
-0.504557596322
-0.384351031812
-0.499719736738
-0.388553896782
-0.496029770802
-0.391802763464
-0.493156682075
-0.394349683885
-0.490905533893
-0.396345497035
-0.489160264923
-0.397879227779
-0.487855305035
-0.398998335425
-0.486958865941
-0.399721925718
-0.486448124617
-0.40006794669
-0.486181940451
-0.400203873845
-0.486189242514
-0.400050981476
-0.486430696339
-0.399661358449
-0.486989485195
-0.399118155157
-0.487752114978
-0.39797898421
-0.489073685025
-0.396415789779
-0.490843670674
-0.394398116659
-0.493113739763
-0.391835817527
-0.496000402339
-0.388576124301
-0.499700016559
-0.384365639442
-0.504544688846
-0.378767598878
-0.51112819502
-0.370970277809
-0.520620038628
-0.359270341751
-0.535712650147
-0.339303052825
-0.564544100082
-0.294678333549
-0.653063717909
