-0.65306400964
-0.294677977847
-0.564544919834
-0.339302078817
-0.535714345989
-0.359268366241
-0.520623097228
-0.370966761304
-0.511133293775
-0.378761789064
-0.504552765893
-0.384356490134
-0.499712370496
-0.388562172402
-0.496018842951
-0.391814978947
-0.49314082025
-0.3943673283
-0.490882929091
-0.396370500856
-0.489128591943
-0.397913987131
-0.487811719977
-0.399045551152
-0.486900264804
-0.399783906824
-0.486372085972
-0.400144644334
-0.486088365789
-0.400289356674
-0.486070942857
-0.400172303321
-0.486325707913
-0.399787283454
-0.486859344234
-0.399123241255
-0.487692597905
-0.398122985139
-0.488844940997
-0.396785154312
-0.490421439231
-0.395262885039
-0.492323753812
-0.392511784321
-0.495394881502
-0.389042983535
-0.499284579277
-0.384674445793
-0.50427148389
-0.378964268876
-0.510955431404
-0.371089451743
-0.520516341066
-0.359337322116
-0.535655142671
-0.339336082754
-0.564516299525
-0.294690396665
-0.653053824117
