-0.6530638645
-0.29467815481
-0.564544512005
-0.339302563359
-0.535713502366
-0.359269348824
-0.520621575991
-0.370968509552
-0.511130759143
-0.378764674357
-0.504548755519
-0.384361023101
-0.499706252633
-0.38856904976
-0.496009760096
-0.391825145159
-0.493127615094
-0.394382056599
-0.490864047318
-0.396391499605
-0.489101954673
-0.397943539462
-0.487774555675
-0.399086699286
-0.486848882175
-0.399840702691
-0.486301528722
-0.400222538591
-0.485991637916
-0.400395543888
-0.485939335224
-0.400315104282
-0.486149361911
-0.399973851351
-0.486630923593
-0.399352461514
-0.487410603585
-0.398417252114
-0.488529834546
-0.39711794108
-0.490049839563
-0.395380373158
-0.492061171976
-0.393094062907
-0.494699910587
-0.390090829045
-0.498174295169
-0.386107350725
-0.50281697117
-0.380703559984
-0.509256375167
-0.373035697172
-0.518668333674
-0.361559481722
-0.533691783382
-0.340543543519
-0.563491893577
-0.2951390348
-0.652685081843
