-0.653064014233
-0.294677972246
-0.564544932741
-0.339302063482
-0.535714372689
-0.359268335144
-0.520623145373
-0.370966705972
-0.511133373997
-0.378761697736
-0.504552892836
-0.384356346622
-0.499712564194
-0.388561954568
-0.496019130671
-0.391814656634
-0.493141239002
-0.394366860427
-0.490883529176
-0.396369831127
-0.489129442279
-0.397913037109
-0.487812916866
-0.399044207785
-0.486901948227
-0.399781997198
-0.486374474228
-0.40014187882
-0.486091841388
-0.40028520011
-0.486076178809
-0.400165757306
-0.486333588551
-0.399777310321
-0.486864661136
-0.399111493173
-0.48769110036
-0.398134049537
-0.488867232972
-0.396797168555
-0.490430144235
-0.395218418647
-0.492351314676
-0.392488511865
-0.495411118462
-0.389030822136
-0.49929393165
-0.384667615596
-0.504277083775
-0.378960272154
-0.51095881721
-0.371087124813
-0.52051833362
-0.359336036941
-0.5356562389
-0.339335453434
-0.564516827949
-0.294690167403
-0.653054012019
