-0.653064124628
-0.294677837646
-0.564545242939
-0.339301694938
-0.535715014351
-0.359267587799
-0.52062430241
-0.370965376316
-0.511135301736
-0.378759503466
-0.504555942677
-0.384352899938
-0.499717215777
-0.388556727422
-0.496026033484
-0.391806936379
-0.493151265109
-0.394355695395
-0.490897837067
-0.396353969584
-0.489149546289
-0.397890874729
-0.487840740682
-0.39901379028
-0.486939799305
-0.399741205403
-0.486424778138
-0.40008911229
-0.486156323327
-0.400221712876
-0.486152620932
-0.400100484499
-0.48642253639
-0.399686813214
-0.486938496816
-0.399018176774
-0.487791228267
-0.398208512447
-0.488863124303
-0.396615424629
-0.490664961608
-0.394541775706
-0.492985452861
-0.391935089432
-0.495911909378
-0.388643180872
-0.499640432808
-0.384409790042
-0.504505649186
-0.378795685579
-0.5111035278
-0.370987291568
-0.520605235673
-0.359279903061
-0.535704441367
-0.339307767587
-0.564540131822
-0.29468005544
-0.653062305673
