-0.653063966932
-0.294678029919
-0.564544799829
-0.339302221395
-0.53571409775
-0.35926865537
-0.520622649599
-0.370967275728
-0.511132547958
-0.378762638049
-0.504551585863
-0.384357823886
-0.49971057043
-0.388564195777
-0.496016170752
-0.39181796938
-0.49313693606
-0.394371659048
-0.490877377523
-0.396376670639
-0.489120766849
-0.397922656748
-0.48780082115
-0.399057585847
-0.486885247492
-0.39980041888
-0.486351602395
-0.400167026176
-0.486060654019
-0.400319154912
-0.486034247607
-0.400210430614
-0.486279329696
-0.399831772035
-0.4868065466
-0.399164829702
-0.487634197972
-0.39818725736
-0.488794041103
-0.396851575229
-0.490364607608
-0.395084781622
-0.492409644001
-0.392997883411
-0.494926740076
-0.389468230049
-0.498898316323
-0.384969473208
-0.50400839434
-0.379154636643
-0.510787649871
-0.371205312639
-0.520415386863
-0.35940254646
-0.535599112002
-0.339368266402
-0.56448920587
-0.294702153205
-0.65304418121
