-0.653063929774
-0.294678075224
-0.56454469542
-0.339302345444
-0.535713881772
-0.359268906922
-0.520622260145
-0.3709677233
-0.511131899062
-0.378763376721
-0.504550559155
-0.384358984392
-0.499709004165
-0.388565956509
-0.496013845365
-0.391820572203
-0.493133555161
-0.394375430138
-0.490872542889
-0.396382047962
-0.489113945413
-0.397930226493
-0.48779130103
-0.39906813142
-0.486872077356
-0.399814989811
-0.486333496498
-0.400187050064
-0.486035776051
-0.400346560034
-0.486000246052
-0.400247574345
-0.48623337588
-0.399881009597
-0.486746474135
-0.399225860868
-0.487567595413
-0.39824922188
-0.488730448275
-0.396912092366
-0.490282341004
-0.395146589129
-0.492334611415
-0.392841686242
-0.494995146054
-0.390074919525
-0.498322754786
-0.385476278382
-0.503552137844
-0.379492272865
-0.510489151678
-0.371412247035
-0.520234867822
-0.359519256994
-0.535498808041
-0.339425887522
-0.564440690171
-0.294723205695
-0.653026912827
