-0.653063870956
-0.294678146939
-0.564544530146
-0.339302541806
-0.535713539891
-0.359269305118
-0.520621643658
-0.370968431787
-0.511130871888
-0.378764546013
-0.50454893391
-0.384360821459
-0.499706524778
-0.388568743814
-0.496010164162
-0.391824692848
-0.493128202629
-0.394381401145
-0.490864887663
-0.396390564612
-0.489103140868
-0.397942222245
-0.487776212571
-0.399084861459
-0.486851178204
-0.399838155832
-0.486304695656
-0.400219018613
-0.485996017249
-0.400390672375
-0.485945396826
-0.400308353318
-0.486157772117
-0.39996447382
-0.486642631913
-0.399339398014
-0.487426966442
-0.398399011784
-0.48855277286
-0.397092493167
-0.490081962075
-0.395345240753
-0.492105471177
-0.393047442542
-0.494757099268
-0.390036899052
-0.498230615652
-0.386047604978
-0.502879628733
-0.380638998904
-0.50931536487
-0.373258350299
-0.518581333699
-0.360683815579
-0.534490883604
-0.340012289595
-0.563945866451
-0.294938310306
-0.652850364975
