-0.653064247758
-0.29467768752
-0.564545588919
-0.339301283885
-0.535715730023
-0.359266754276
-0.52062559286
-0.370963893439
-0.511137451581
-0.378757056751
-0.504559343269
-0.384349058159
-0.499722400144
-0.388550905797
-0.496033719953
-0.391798352796
-0.493162408061
-0.394343325852
-0.49091367543
-0.396336525223
-0.489171616452
-0.397866871373
-0.487870731711
-0.39898196716
-0.486978554663
-0.39970279632
-0.48646366055
-0.400052794527
-0.486202069631
-0.400182185124
-0.486202069631
-0.400052794527
-0.48646366055
-0.39970279632
-0.486978554663
-0.39898196716
-0.487870731711
-0.397866871373
-0.489171616452
-0.396336525223
-0.49091367543
-0.394343325852
-0.493162408061
-0.391798352796
-0.496033719953
-0.388550905797
-0.499722400144
-0.384349058159
-0.504559343269
-0.378757056751
-0.511137451581
-0.370963893439
-0.52062559286
-0.359266754276
-0.535715730023
-0.339301283885
-0.564545588919
-0.29467768752
-0.653064247758
