-0.653063964031
-0.294678033456
-0.564544791677
-0.339302231081
-0.535714080887
-0.35926867501
-0.520622619191
-0.370967310674
-0.511132497293
-0.378762695728
-0.504551505692
-0.384357914514
-0.499710448111
-0.388564333316
-0.496015989095
-0.391818172812
-0.493136671781
-0.394371954131
-0.490876999121
-0.396377092392
-0.489120231546
-0.397923253226
-0.487800070187
-0.399058424424
-0.486884198016
-0.399801598067
-0.486350131211
-0.400168701059
-0.486058557182
-0.400321592748
-0.486031180839
-0.400214122686
-0.486274666893
-0.399837659864
-0.486799427747
-0.399173972771
-0.487629255187
-0.398198340001
-0.488795147185
-0.396841706682
-0.490343588787
-0.395073548392
-0.492398776845
-0.393043756196
-0.494898881551
-0.389491317024
-0.498882314907
-0.384981213828
-0.503999383089
-0.379161036111
-0.510782415197
-0.371208898529
-0.520412365899
-0.359404492168
-0.535597463592
-0.339369212236
-0.564488413658
-0.294702496866
-0.653043899752
