-0.653063861711
-0.29467815821
-0.56454450417
-0.339302572668
-0.535713486157
-0.359269367703
-0.520621546764
-0.370968543141
-0.511130710445
-0.378764729793
-0.504548678467
-0.384361110197
-0.499706135084
-0.388569181909
-0.496009585566
-0.391825340528
-0.493127361316
-0.394382339715
-0.490863684339
-0.396391903475
-0.489101442294
-0.397944108457
-0.487773839943
-0.399087493232
-0.486847890266
-0.399841803116
-0.486300160328
-0.400224059941
-0.485989745014
-0.40039765062
-0.485936713463
-0.400318027131
-0.486145719707
-0.399977920355
-0.486625840555
-0.399358154355
-0.487403465407
-0.398425268722
-0.488519730783
-0.397129318495
-0.49003540426
-0.395396654231
-0.49204035872
-0.393117483233
-0.494669916318
-0.390123971909
-0.498134664261
-0.38614899179
-0.502779058521
-0.380741898294
-0.509206316451
-0.373073101236
-0.518615442773
-0.361398196691
-0.533737771945
-0.341384881675
-0.562756714166
-0.295502212092
-0.652384967201
