-0.653063861708
-0.294678158214
-0.564544504161
-0.339302572679
-0.535713486138
-0.359269367724
-0.52062154673
-0.37096854318
-0.511130710389
-0.378764729857
-0.504548678378
-0.384361110298
-0.499706134949
-0.388569182061
-0.496009585365
-0.391825340753
-0.493127361024
-0.394382340042
-0.490863683921
-0.39639190394
-0.489101441704
-0.397944109111
-0.48777383912
-0.399087494142
-0.486847889129
-0.399841804372
-0.486300158769
-0.400224061661
-0.485989742878
-0.400397652959
-0.485936710564
-0.400318030263
-0.486145715838
-0.399977924408
-0.486625835582
-0.399358159193
-0.487403459587
-0.398425273245
-0.488519725765
-0.397129318507
-0.490035406193
-0.395396635876
-0.492040387895
-0.393117402632
-0.494670036026
-0.390123694946
-0.498135030084
-0.386148214459
-0.502779126445
-0.380740593537
-0.509205585471
-0.373075533725
-0.518618754342
-0.361401408749
-0.533743243492
-0.341371119476
-0.56276167137
-0.295499842337
-0.652386243089
