-0.653064197649
-0.294677748615
-0.56454544812
-0.339301451164
-0.535715438779
-0.359267093469
-0.520625067728
-0.370964496829
-0.511136576814
-0.378758052131
-0.504557959891
-0.384350620379
-0.499720292185
-0.388553270787
-0.496030598069
-0.391801832594
-0.493157892821
-0.394348318825
-0.490907288701
-0.396343503346
-0.489162807673
-0.397876289333
-0.487859037019
-0.398993888133
-0.486964486885
-0.399714937165
-0.486456470567
-0.40005754574
-0.486186597141
-0.400192698012
-0.486185281909
-0.400066164638
-0.486452968829
-0.399675808287
-0.48698766079
-0.399087710663
-0.48777138196
-0.397962004732
-0.489085167808
-0.396406920884
-0.490850237739
-0.394393115751
-0.493117735181
-0.391832786371
-0.49600294727
-0.388574211883
-0.49970166541
-0.384364422139
-0.504545749856
-0.378766836756
-0.511128859983
-0.370969819464
-0.520620436285
-0.359270084967
-0.535712870355
-0.339302926358
-0.56454420648
-0.294678287382
-0.653063755769
