-0.653063864468
-0.294678154849
-0.564544511916
-0.339302563465
-0.535713502182
-0.359269349038
-0.52062157566
-0.370968509933
-0.51113075859
-0.378764674987
-0.504548754645
-0.38436102409
-0.499706251299
-0.38856905126
-0.496009758115
-0.391825147376
-0.493127612214
-0.394382059813
-0.490864043197
-0.396391504192
-0.489101948853
-0.397943545929
-0.487774547539
-0.399086708322
-0.486848870881
-0.399840715252
-0.486301513091
-0.400222556055
-0.485991616159
-0.40039556833
-0.485939304731
-0.400315138884
-0.486149318591
-0.399973901382
-0.486630860547
-0.399352536561
-0.487410507989
-0.398417371675
-0.488529679694
-0.397118149551
-0.490049563369
-0.395380781648
-0.492060620042
-0.393094959535
-0.494698764513
-0.390092764711
-0.498173690152
-0.386110292252
-0.502817962823
-0.380699517324
-0.509249739696
-0.373030360806
-0.518659676988
-0.361583012475
-0.533681403013
-0.340550047795
-0.563488119041
-0.295140669236
-0.65268391404
