-0.653064230898
-0.294677708077
-0.564545541543
-0.339301340177
-0.535715632014
-0.359266868451
-0.520625416087
-0.370964096688
-0.511137156876
-0.378757392596
-0.504558876346
-0.384349587212
-0.499721685693
-0.38855171313
-0.496032652344
-0.391799560704
-0.493160834834
-0.394345119015
-0.490911364011
-0.396339205899
-0.489168181323
-0.397870984605
-0.487865493002
-0.398988523683
-0.4869706971
-0.399712636798
-0.486459828642
-0.400062890143
-0.486207217166
-0.400165618431
-0.486181229844
-0.400037562429
-0.486470158699
-0.39972538082
-0.486964461501
-0.398994578671
-0.487862653832
-0.397873095307
-0.489167280536
-0.396339824135
-0.490911166646
-0.39434523843
-0.493160851864
-0.391799535917
-0.496032716017
-0.388551661193
-0.499721745233
-0.384349541975
-0.504558920433
-0.378757360564
-0.511137186171
-0.370964076403
-0.520625434036
-0.35926685684
-0.53571564205
-0.33930133441
-0.564545546408
-0.294677705965
-0.653064232631
