-0.653063901326
-0.294678109909
-0.564544615484
-0.339302440416
-0.535713716419
-0.359269099513
-0.520621961976
-0.370968065966
-0.511131402261
-0.378763942258
-0.504549773093
-0.384359872902
-0.499707804994
-0.388567304601
-0.496012064937
-0.391822565152
-0.493130966416
-0.394378317959
-0.490868840527
-0.3963861668
-0.489108720146
-0.397936027451
-0.487784004617
-0.399076220571
-0.486861972753
-0.399826187498
-0.486319576096
-0.40020249376
-0.486016571615
-0.400367846516
-0.485973785964
-0.400276838795
-0.486196996581
-0.399921016043
-0.486696789239
-0.3992797306
-0.487501388519
-0.398318150568
-0.488653355814
-0.396986821537
-0.490211002241
-0.395220595354
-0.49224731312
-0.392901067923
-0.494896868437
-0.389889456973
-0.49838628499
-0.386220531394
-0.502865535748
-0.380075100281
-0.509972289818
-0.3717780737
-0.519915577599
-0.359726376438
-0.535320786792
-0.339528207024
-0.564354537434
-0.294760592755
-0.652996245782
