-0.653063871107
-0.294678146754
-0.564544530572
-0.3393025413
-0.535713540772
-0.359269304091
-0.520621645247
-0.370968429961
-0.511130874535
-0.378764542999
-0.504548938099
-0.384360816724
-0.499706531169
-0.388568736629
-0.496010173651
-0.391824682224
-0.493128216429
-0.394381385748
-0.490864907404
-0.39639054264
-0.489103168746
-0.397942191268
-0.487776251543
-0.399084818176
-0.486851232296
-0.399838095683
-0.486304770498
-0.400218935035
-0.485996121361
-0.400390555517
-0.485945542579
-0.400308188191
-0.486157978762
-0.399964235875
-0.48664293153
-0.399339043234
-0.487427417777
-0.398398452209
-0.488553495739
-0.397091533339
-0.49008322089
-0.395343424265
-0.492107748601
-0.393044007227
-0.494758566662
-0.390032025048
-0.498229590056
-0.386053024475
-0.502889848879
-0.380646078163
-0.509326389038
-0.373226252511
-0.518597312853
-0.36067257767
-0.534497859533
-0.340008306836
-0.563948758792
-0.29493706239
-0.652851341299
