-0.653064064139
-0.294677911399
-0.56454507297
-0.339301896877
-0.53571466276
-0.359267997295
-0.520623668429
-0.370966104874
-0.511134245473
-0.378760705743
-0.504554271627
-0.384354788333
-0.499714667262
-0.388559590981
-0.49602225205
-0.391811164699
-0.493145774194
-0.394361807325
-0.490890005582
-0.396362643583
-0.489138554887
-0.397902969286
-0.487825564073
-0.399030320176
-0.486919251547
-0.399763181481
-0.486397742059
-0.40011701459
-0.486122413464
-0.400253842199
-0.486114182947
-0.400130336016
-0.486375684493
-0.39974637581
-0.486915178941
-0.399054971336
-0.487729891603
-0.398075735645
-0.488915321813
-0.396947750442
-0.490357187694
-0.394829923221
-0.492726623022
-0.392140428475
-0.495728591102
-0.388782723208
-0.499516379526
-0.384501788993
-0.504424284394
-0.378854232057
-0.511052105033
-0.371022760607
-0.520574374511
-0.359299836593
-0.535687327372
-0.339317597128
-0.564531858583
-0.294683645332
-0.653059361362
