-0.653063882742
-0.294678132568
-0.564544563264
-0.339302502458
-0.535713608399
-0.359269225325
-0.520621767193
-0.370968289817
-0.511131077718
-0.378764311704
-0.504549259586
-0.384360453336
-0.499707021614
-0.388568185271
-0.496010901833
-0.391823867104
-0.493129275237
-0.39438020456
-0.490866421778
-0.396388857753
-0.489105306292
-0.397939817762
-0.487779237076
-0.399081507019
-0.486855368856
-0.39983350827
-0.486310474452
-0.400212597975
-0.486004004612
-0.400381793666
-0.485956442447
-0.400296068463
-0.486173070561
-0.39994746144
-0.486663856585
-0.39931584113
-0.48745642499
-0.398366518012
-0.4885934767
-0.397048314859
-0.490137106337
-0.395287791194
-0.492175111761
-0.39298257808
-0.494824715846
-0.389961549827
-0.498301285846
-0.385977938543
-0.502958418017
-0.380882743134
-0.509225683285
-0.372384319505
-0.519381277713
-0.3600800728
-0.535015821754
-0.33970404606
-0.564206324844
-0.294824941359
-0.652943447456
