-0.653063861078
-0.294678158983
-0.564544502389
-0.339302574784
-0.535713482473
-0.359269371993
-0.520621540121
-0.370968550775
-0.511130699377
-0.378764742393
-0.504548660954
-0.384361129993
-0.499706108368
-0.388569211944
-0.496009545898
-0.391825384932
-0.493127303637
-0.394382404063
-0.490863601839
-0.396391995268
-0.489101325838
-0.397944237781
-0.487773677268
-0.399087673686
-0.486847664817
-0.399842053234
-0.486299849303
-0.400224405743
-0.485989314755
-0.400398129512
-0.485936117487
-0.400318691627
-0.486144891644
-0.399978845661
-0.486624684582
-0.399359449575
-0.487401841146
-0.398427094433
-0.488517429125
-0.397131914729
-0.490032108041
-0.39540038502
-0.492035578679
-0.39312290484
-0.494662893112
-0.390131917945
-0.498124274073
-0.386160552579
-0.502764191166
-0.380757381751
-0.509190701309
-0.373089930402
-0.51859747752
-0.361415935556
-0.533720488338
-0.34128342505
-0.562781172909
-0.296082253359
-0.651896501708
