-0.653063883161
-0.294678132057
-0.564544564442
-0.339302501059
-0.535713610835
-0.359269222488
-0.520621771586
-0.370968284768
-0.511131085038
-0.378764303371
-0.504549271168
-0.384360440244
-0.499707039283
-0.388568165406
-0.496010928069
-0.391823837733
-0.49312931339
-0.394380161987
-0.490866476362
-0.396388796995
-0.489105383382
-0.397939732084
-0.487779344871
-0.399081387254
-0.486855518545
-0.399833341696
-0.486310681755
-0.400212366156
-0.486004293491
-0.400381468568
-0.485956848209
-0.400295606519
-0.486173649387
-0.399946789048
-0.486664705149
-0.399314821173
-0.487457726736
-0.398364867359
-0.488595606827
-0.397045418996
-0.490140688944
-0.395282735195
-0.492177584928
-0.392975763487
-0.494823769149
-0.389968150634
-0.498314925057
-0.38598637781
-0.502970823005
-0.380844050579
-0.50924651192
-0.372368670208
-0.519391445562
-0.360073554942
-0.53502065992
-0.339701290676
-0.564208512588
-0.294823994796
-0.65294421024
