-0.651885751004
-0.296092481293
-0.56275989633
-0.341303094312
-0.533690817885
-0.361446208952
-0.518560208829
-0.373129982353
-0.509144575043
-0.380804883925
-0.502709166555
-0.38621615405
-0.49805973514
-0.390199214194
-0.494585802716
-0.393206693116
-0.491941623859
-0.395505248215
-0.489917000134
-0.397261498787
-0.488377601787
-0.398583898827
-0.487234660953
-0.39954480352
-0.486428591356
-0.400192490593
-0.485920477626
-0.400556458228
-0.48569116133
-0.400651744235
-0.485731133377
-0.400484216982
-0.486038574186
-0.40005516038
-0.48662395362
-0.399319067003
-0.487482833143
-0.398298047889
-0.488708984865
-0.397140141663
-0.490181253653
-0.394971244763
-0.492599068521
-0.392239201206
-0.495640082378
-0.388849825513
-0.49945660629
-0.384546091599
-0.50438506485
-0.378882451574
-0.511027308224
-0.371039864622
-0.520559489686
-0.359309450974
-0.53567907228
-0.339322338522
-0.564527867777
-0.294685377009
-0.653057941087
