-0.651885409679
-0.296092890465
-0.562759011822
-0.341304125107
-0.533689123685
-0.361448147408
-0.518557351906
-0.37313321498
-0.509140080212
-0.380809933379
-0.502702392397
-0.386223727113
-0.498049815142
-0.390210266686
-0.494571565511
-0.393222518071
-0.491921484511
-0.395527595723
-0.489888811848
-0.397292737943
-0.488338454803
-0.398627232517
-0.487180615174
-0.39960453963
-0.486354339662
-0.400274340725
-0.485818987058
-0.40066771859
-0.485553548703
-0.400800873398
-0.485547406902
-0.400678528938
-0.485800872289
-0.400294595185
-0.486325779156
-0.399631385219
-0.487146328688
-0.398657701386
-0.488301974736
-0.397324846539
-0.48985269572
-0.395559670141
-0.491888092807
-0.393252512546
-0.49454341361
-0.390235551055
-0.49802920859
-0.386241554981
-0.502690327811
-0.380818695049
-0.509134995911
-0.373134244667
-0.5185572161
-0.361446933335
-0.533694729638
-0.341302457517
-0.562767724607
-0.296085312564
-0.651891205981
