-0.651885966521
-0.296092222938
-0.562760454816
-0.341302443472
-0.533691887593
-0.361444985076
-0.518562012578
-0.373127941601
-0.509147412557
-0.380801696953
-0.50271344186
-0.386211376609
-0.498065992461
-0.390192248626
-0.494594773373
-0.39319673945
-0.491954285501
-0.395491246687
-0.489934645153
-0.397242076044
-0.488401897139
-0.398557360759
-0.487267638137
-0.399509304105
-0.486472382423
-0.400146738391
-0.485976313629
-0.400501818936
-0.485757232465
-0.400595574458
-0.485812943311
-0.400398255843
-0.486100450045
-0.39996380377
-0.486705649191
-0.399388249168
-0.487503103089
-0.398183137176
-0.488888118144
-0.396562998037
-0.490710790909
-0.394501918867
-0.493020500356
-0.391907628961
-0.49593618654
-0.38862475401
-0.499656739031
-0.384397707209
-0.504516312547
-0.378788014867
-0.511110258693
-0.370982649395
-0.520609273097
-0.359277295348
-0.535706679853
-0.339306481913
-0.564541213872
-0.294679585923
-0.653062690748
