-0.651886326799
-0.296091791116
-0.562761388255
-0.341301356187
-0.533693674459
-0.36144294303
-0.51856502137
-0.373124546222
-0.509152130716
-0.380796426906
-0.502720502058
-0.386203577712
-0.498076177478
-0.390181178117
-0.494608942479
-0.393181779489
-0.491973066531
-0.395472585668
-0.489957559016
-0.397222436265
-0.488426383709
-0.398543228746
-0.487307146521
-0.399465930846
-0.48649126951
-0.40009925275
-0.486026341472
-0.400494504914
-0.485776096497
-0.400536686117
-0.485865124506
-0.400325479588
-0.486209176477
-0.399915122366
-0.486781907344
-0.399140320852
-0.487726258039
-0.397981934344
-0.489067395541
-0.396418738866
-0.490839571437
-0.394401146816
-0.493110505094
-0.391838317023
-0.495997993888
-0.388577958722
-0.499698328169
-0.384366894597
-0.504543561129
-0.378768411485
-0.511127476259
-0.370970773898
-0.520619605687
-0.359270621464
-0.535712409708
-0.339303190935
-0.564543983788
-0.294678384012
-0.653063676515
