-0.651885477752
-0.29609280886
-0.562759188227
-0.341303919526
-0.533689461575
-0.361447760802
-0.518557921692
-0.373132570254
-0.509140976679
-0.380808926267
-0.502703743509
-0.38622221657
-0.498051793839
-0.390208061835
-0.494574405761
-0.393219360332
-0.491925503395
-0.395523134134
-0.489894440201
-0.397286494805
-0.48834628017
-0.398618555106
-0.487191442667
-0.399592531688
-0.486369279096
-0.400257764652
-0.485839578056
-0.400644857056
-0.485581931075
-0.400769338406
-0.485586572133
-0.400634990636
-0.485855012584
-0.400234425605
-0.486400745687
-0.399548261948
-0.487250094709
-0.398543485294
-0.488444270398
-0.397171560461
-0.49003682646
-0.395369459057
-0.492100843611
-0.39303640838
-0.49479618757
-0.390000614554
-0.498306335051
-0.386258699191
-0.502816429988
-0.380110345533
-0.509936885933
-0.371802743066
-0.519892984052
-0.359741033585
-0.535307953573
-0.3395355887
-0.564348281019
-0.294763308563
-0.652994013868
