-0.651887993587
-0.29608979572
-0.562765700591
-0.341296350891
-0.533701894222
-0.361433631015
-0.518578715004
-0.373109400683
-0.509173065183
-0.38077410819
-0.502749761531
-0.386175122154
-0.498106547595
-0.390158057807
-0.494641638913
-0.39315553932
-0.492006006672
-0.395443456651
-0.489992791712
-0.397199684371
-0.488451435378
-0.398485146513
-0.487348204048
-0.39940316277
-0.486584976424
-0.400010810564
-0.486116035273
-0.400341890691
-0.485915218192
-0.400414935422
-0.485974181073
-0.40023657291
-0.486288892862
-0.399850865545
-0.486839716753
-0.39909403601
-0.487767939946
-0.397948799039
-0.489097217786
-0.396395233401
-0.490860691323
-0.39438467423
-0.493125268645
-0.391826951566
-0.496008146347
-0.388570271645
-0.499705165738
-0.384361828421
-0.504548043059
-0.378765186941
-0.51113030886
-0.370968820132
-0.520621305742
-0.359269523381
-0.535713352495
-0.339302649438
-0.564544439554
-0.294678186248
-0.653063838716
