-0.651885425967
-0.29609287094
-0.56275905403
-0.341304075919
-0.53368920453
-0.361448054907
-0.518557488236
-0.37313306072
-0.509140294706
-0.380809692412
-0.502702715671
-0.386223365691
-0.498050288578
-0.390209739137
-0.494572245092
-0.393221762518
-0.491922446113
-0.395526528174
-0.489890158582
-0.39729124405
-0.488340327319
-0.398625155965
-0.487183206302
-0.399601665606
-0.486357915454
-0.400270372129
-0.485823917252
-0.400662241911
-0.485560348895
-0.400793310313
-0.485556802517
-0.400668064067
-0.485813892517
-0.400280070542
-0.486343896414
-0.399611147153
-0.487171663159
-0.398629388529
-0.488337579253
-0.397285137861
-0.489902878608
-0.395504165512
-0.491958401857
-0.393176601326
-0.494638134298
-0.390140004528
-0.498136077977
-0.386128072506
-0.502806286089
-0.380699887835
-0.509260338862
-0.373303511648
-0.518541053942
-0.360710540273
-0.534467732171
-0.340025645638
-0.563934589752
-0.29494320683
-0.652846345383
