-0.651889762481
-0.296087708145
-0.562770198919
-0.341291354294
-0.533710014313
-0.361425460931
-0.518590344954
-0.373100341036
-0.509184670368
-0.38077313002
-0.502761525853
-0.386162227831
-0.498108253614
-0.390134623698
-0.49465649078
-0.393156420253
-0.492005979917
-0.39542657614
-0.490009342583
-0.397150186475
-0.488501399794
-0.398439840731
-0.487390566272
-0.399368440086
-0.486616684897
-0.399985247341
-0.486139171779
-0.400323280777
-0.485932004936
-0.400401433768
-0.485986347325
-0.400226790546
-0.486297704811
-0.399843777718
-0.486846110595
-0.399088917696
-0.487772555885
-0.397945129252
-0.489100523097
-0.396392628005
-0.490863033174
-0.39438284761
-0.493126906058
-0.391825691006
-0.496009272474
-0.388569418973
-0.499705924213
-0.384361266439
-0.504548540241
-0.378764829241
-0.511130623085
-0.370968603397
-0.520621494332
-0.359269401569
-0.535713457081
-0.339302589369
-0.564544490113
-0.294678164309
-0.653063856709
