-0.65188881186
-0.296088819769
-0.562767808305
-0.341293931788
-0.533705857775
-0.361429267602
-0.518585083916
-0.373102859621
-0.509181733906
-0.380767010505
-0.502753928964
-0.386177367698
-0.498113017426
-0.39014980263
-0.494646659248
-0.393146802149
-0.492013831768
-0.3954451036
-0.489988183021
-0.397170744881
-0.488481546773
-0.398456244699
-0.487375407058
-0.399380658362
-0.486605577549
-0.39999417038
-0.486131112256
-0.40032975793
-0.485926168133
-0.400406127154
-0.485982120263
-0.400230189034
-0.486294644239
-0.399846239368
-0.486843890267
-0.39909069505
-0.487770953092
-0.397946403501
-0.489099375445
-0.396393532633
-0.490862220067
-0.394383481824
-0.493126337543
-0.391826128676
-0.496008881481
-0.388569715022
-0.49970566087
-0.38436146156
-0.504548367619
-0.378764953435
-0.511130513986
-0.370968678648
-0.520621428854
-0.359269443862
-0.535713420768
-0.339302610225
-0.564544472559
-0.294678171927
-0.653063850462
