-0.651885873473
-0.29609233448
-0.562760213696
-0.34130272446
-0.533691425769
-0.361445513436
-0.518561233889
-0.373128822518
-0.509146187735
-0.380803072329
-0.502711596895
-0.386213437367
-0.498063293647
-0.390195250255
-0.494590908573
-0.393201020178
-0.491948842655
-0.395497244405
-0.489927093685
-0.397250330509
-0.48839159124
-0.398568461076
-0.487253898323
-0.399523669467
-0.48645481174
-0.400163936986
-0.485955703899
-0.400518841865
-0.485736663877
-0.40060586081
-0.485778259345
-0.400439156721
-0.486085683534
-0.400006220588
-0.486674192415
-0.399293147705
-0.487550611216
-0.398399268811
-0.48867725786
-0.396764956645
-0.49052508736
-0.394651769601
-0.492884960752
-0.392012689107
-0.495841957545
-0.388696210923
-0.499593060556
-0.38444490777
-0.504474519743
-0.378818086667
-0.511083832068
-0.371000877768
-0.520593409231
-0.359287542143
-0.535697881633
-0.339311535264
-0.564536960472
-0.294681431545
-0.653061177016
