-0.651885445444
-0.296092847591
-0.562759104504
-0.341304017097
-0.533689301209
-0.361447944289
-0.518557651266
-0.373132876247
-0.509140551208
-0.380809404251
-0.50270310226
-0.386222933485
-0.498050854735
-0.390209108271
-0.494573057762
-0.393220859005
-0.491923596022
-0.395525251593
-0.489891769007
-0.397289457711
-0.488342566381
-0.398622673092
-0.487186304385
-0.399598229712
-0.486362190166
-0.400265628989
-0.48582980928
-0.400655699844
-0.485568470926
-0.400784285221
-0.485568011663
-0.400655600933
-0.4858293916
-0.400262838781
-0.486365369984
-0.399587317818
-0.487201433573
-0.398596554095
-0.488378676525
-0.397240533417
-0.489958517533
-0.395446192055
-0.492028639446
-0.393111141134
-0.494706316071
-0.390064044494
-0.498207370836
-0.386057801973
-0.502885764809
-0.380944893368
-0.509169798275
-0.372423955116
-0.519346481695
-0.360102658783
-0.534996363639
-0.339715231954
-0.564196898428
-0.294829032269
-0.652940091031
