-0.651885657829
-0.296092592989
-0.562759654876
-0.341303375699
-0.533690355402
-0.361446738108
-0.518559428954
-0.373130864772
-0.509143348083
-0.380806262229
-0.502707317491
-0.386218221019
-0.498057027657
-0.390202230291
-0.494581917704
-0.393211010023
-0.491936130471
-0.395511340126
-0.489909317279
-0.39727000282
-0.488366948476
-0.398595663601
-0.487219997219
-0.399560936605
-0.486408563326
-0.400214369418
-0.485893419105
-0.400585590076
-0.485655332491
-0.400689141532
-0.485685668455
-0.400528448821
-0.485985987549
-0.400098497101
-0.486565680161
-0.399389873622
-0.487442879109
-0.398347648895
-0.488635835958
-0.396971813627
-0.490248854925
-0.395422122504
-0.492178505206
-0.392626911789
-0.495291318427
-0.389121847743
-0.499214214228
-0.384726645899
-0.504225239627
-0.37899754967
-0.510926177884
-0.371109630926
-0.520498777678
-0.359348666807
-0.53564540137
-0.339341677792
-0.564511590118
-0.294692440158
-0.653052148088
