-0.651886618946
-0.29609144095
-0.562762145186
-0.341300474472
-0.533695123495
-0.361441286931
-0.518567461543
-0.373121792054
-0.509155958015
-0.380792150418
-0.502726231699
-0.386197244397
-0.49808444901
-0.390172180011
-0.494620437484
-0.393169679745
-0.491987797126
-0.39545882186
-0.489967115606
-0.397214665366
-0.488440139338
-0.398526649971
-0.487310644244
-0.399473459343
-0.486518925137
-0.400116408163
-0.486013735281
-0.400432377616
-0.485831366107
-0.400483718958
-0.485911422218
-0.400287280206
-0.486242933773
-0.399887886714
-0.486806215164
-0.399120868912
-0.487743701866
-0.397968073472
-0.489079843525
-0.39640893009
-0.490848375084
-0.394394281279
-0.493116654991
-0.391833582947
-0.496002221593
-0.388574757755
-0.499701175033
-0.384364785294
-0.504545427072
-0.378767069033
-0.511128655505
-0.370969960524
-0.520620313431
-0.359270164326
-0.535712802194
-0.339302965508
-0.564544173525
-0.294678301682
-0.65306374404
