-0.651885446141
-0.296092846756
-0.562759106309
-0.341304014993
-0.533689304667
-0.361447940332
-0.518557657098
-0.373132869649
-0.509140560383
-0.380809393944
-0.502703116087
-0.386222918025
-0.498050874986
-0.390209085704
-0.494573086833
-0.39322082668
-0.491923637164
-0.395525205908
-0.489891826643
-0.397289393749
-0.488342646563
-0.398622584098
-0.487186415458
-0.399598106311
-0.486362343765
-0.400265457983
-0.485830021897
-0.400655462243
-0.485568766414
-0.400783952825
-0.485568425846
-0.400655129609
-0.485829981351
-0.40026215407
-0.486366233037
-0.399586281291
-0.487202754988
-0.398594880601
-0.488380833808
-0.397237605729
-0.489962136309
-0.395441094984
-0.49203114307
-0.393104272802
-0.494705385123
-0.390070653815
-0.498221097509
-0.386066269431
-0.5028982663
-0.380905926742
-0.509190795694
-0.372408178139
-0.51935674237
-0.360096080837
-0.53500124943
-0.33971244931
-0.564199108431
-0.294828076061
-0.652940861656
