-0.651885410721
-0.296092889216
-0.562759014523
-0.341304121959
-0.533689128859
-0.361448141488
-0.51855736063
-0.373133205108
-0.509140093939
-0.380809917957
-0.502702413086
-0.386223703982
-0.498049845441
-0.390210232923
-0.494571609003
-0.393222469717
-0.491921546052
-0.395527527401
-0.489888898038
-0.397292642333
-0.488338574645
-0.398627099612
-0.487180781016
-0.39960435567
-0.486354568545
-0.400274086667
-0.485819302687
-0.40066736789
-0.485553984182
-0.400800388835
-0.485548008951
-0.400677857765
-0.485801707556
-0.400293661773
-0.486326943998
-0.399630079583
-0.487147964662
-0.39865586085
-0.488304293844
-0.39732222561
-0.489856022849
-0.395555889624
-0.491892939069
-0.393246972115
-0.494550601392
-0.390227288601
-0.498040008045
-0.386229204708
-0.50270526741
-0.380802008126
-0.509149975817
-0.373120100229
-0.518578822621
-0.361431544781
-0.533716644626
-0.341389169183
-0.562746094142
-0.29550674974
-0.652380539184
