-0.651886092045
-0.296092072464
-0.562760780095
-0.341302064405
-0.53369251062
-0.361444272268
-0.51856306311
-0.373126753072
-0.509149065106
-0.380799841011
-0.502715931552
-0.386208594902
-0.498069635709
-0.390188194198
-0.494599994504
-0.393190949589
-0.49196164938
-0.395483113138
-0.489944891758
-0.397230824196
-0.48841595961
-0.398542080461
-0.487286557806
-0.3994892226
-0.48649649022
-0.400123118353
-0.485996892151
-0.40048181995
-0.485781804067
-0.400569775599
-0.48583182325
-0.400396683287
-0.48613947884
-0.40001267986
-0.486689898716
-0.399220524654
-0.487652555663
-0.398041555332
-0.489013229407
-0.396461605562
-0.490800880612
-0.394431357702
-0.493083368965
-0.391859215093
-0.49597930635
-0.38859211031
-0.499685734128
-0.384376226498
-0.504535303472
-0.378774352645
-0.511122256695
-0.370974374093
-0.520616472863
-0.359272644996
-0.535710672323
-0.339304188817
-0.564543143886
-0.29467874846
-0.653063377606
