-0.651892939645
-0.296084051699
-0.562778022217
-0.341283515862
-0.533720709317
-0.361421034591
-0.518598319133
-0.373093143636
-0.509188597718
-0.380756984274
-0.502763693842
-0.386163329734
-0.49812132568
-0.390134528805
-0.494660448621
-0.393124847471
-0.49203382306
-0.395401765339
-0.490030874268
-0.397132888774
-0.488516560662
-0.398427783951
-0.487401225949
-0.399359940353
-0.486624245925
-0.39997919686
-0.486144577117
-0.400318944051
-0.485935891004
-0.400398311511
-0.485989151205
-0.400224537192
-0.486299731061
-0.399842148322
-0.486847579102
-0.399087742294
-0.487773615417
-0.397944286951
-0.48910128156
-0.396392030169
-0.490863570472
-0.394382428529
-0.493127281706
-0.391825401816
-0.496009530816
-0.388569223364
-0.499706098209
-0.384361137519
-0.504548654295
-0.378764747184
-0.511130695168
-0.370968553678
-0.520621537595
-0.359269373625
-0.535713481073
-0.339302575589
-0.564544501712
-0.294678159277
-0.653063860837
