-0.651886398091
-0.296091705624
-0.562761573074
-0.341301140591
-0.533694028881
-0.36144253655
-0.518565620762
-0.373123864425
-0.509153079897
-0.38079534868
-0.502721952469
-0.386201919345
-0.498078361904
-0.390178636047
-0.49461225167
-0.393177799218
-0.491978201551
-0.395466121895
-0.489965399927
-0.39721256076
-0.488430303332
-0.39853325745
-0.4873019256
-0.399482470963
-0.486511781696
-0.400114424953
-0.486018788322
-0.400473544114
-0.485789470568
-0.400524556626
-0.48587303022
-0.400319302043
-0.486213535067
-0.399911737124
-0.486784498324
-0.399138295568
-0.487727911977
-0.397980637454
-0.489068500728
-0.396417874115
-0.490840326328
-0.394400560214
-0.493111023182
-0.391837918906
-0.495998346952
-0.388577691625
-0.499698564925
-0.384366719246
-0.504543716006
-0.378768300077
-0.511127574054
-0.37097070645
-0.520619664358
-0.359270583569
-0.53571244224
-0.33930317225
-0.564543999514
-0.294678377189
-0.653063682112
