-0.651885409684
-0.296092890459
-0.562759011835
-0.341304125092
-0.533689123709
-0.36144814738
-0.518557351947
-0.373133214933
-0.509140080277
-0.380809933306
-0.502702392494
-0.386223727003
-0.498049815285
-0.390210266526
-0.494571565716
-0.393222517843
-0.491921484802
-0.3955275954
-0.489888812255
-0.397292737491
-0.488338455368
-0.39862723189
-0.487180615957
-0.399604538762
-0.486354340742
-0.400274339527
-0.485818988547
-0.400667716937
-0.485553550755
-0.400800871118
-0.485547409734
-0.400678525789
-0.485800876205
-0.400294590832
-0.486325784581
-0.399631379198
-0.487146336211
-0.398657693088
-0.488301985135
-0.397324835251
-0.489852709892
-0.395559655363
-0.491888111292
-0.393252495313
-0.494543434601
-0.390235538814
-0.498029220702
-0.386241578492
-0.502690293393
-0.380818842117
-0.509135055446
-0.37313453292
-0.518557493883
-0.361446106711
-0.533693831222
-0.341301373874
-0.562765668384
-0.296090086857
-0.651889953774
