-0.651885585747
-0.296092679399
-0.562759468085
-0.341303593383
-0.53368999762
-0.361447147472
-0.518558825628
-0.373131547436
-0.509142398868
-0.38080732856
-0.502705886944
-0.386219820249
-0.498054932827
-0.390204564193
-0.494578911328
-0.393214351444
-0.491931878147
-0.395516058053
-0.489903366478
-0.397276595941
-0.488358686955
-0.398604803977
-0.48720859888
-0.39957352248
-0.486392923226
-0.400231576556
-0.485872093698
-0.400608878841
-0.485626555491
-0.40072008442
-0.485647624198
-0.40056800072
-0.485937934172
-0.400144689481
-0.48651092437
-0.399433285846
-0.487382642895
-0.398413781694
-0.488582881324
-0.397040139568
-0.490190074043
-0.395239530536
-0.492267428157
-0.393126931622
-0.494809114151
-0.389559878818
-0.498816134208
-0.385030706972
-0.50395403251
-0.379193794688
-0.51075319889
-0.371229081962
-0.520394690729
-0.359415915396
-0.535587630774
-0.339374860885
-0.564483654908
-0.294704561871
-0.653042205642
