-0.651885410727
-0.29609288921
-0.562759014537
-0.341304121943
-0.533689128884
-0.361448141459
-0.518557360674
-0.373133205059
-0.509140094007
-0.380809917881
-0.502702413188
-0.386223703868
-0.498049845591
-0.390210232756
-0.494571609218
-0.393222469478
-0.491921546357
-0.395527527063
-0.489888898464
-0.39729264186
-0.488338575237
-0.398627098956
-0.487180781834
-0.399604354765
-0.48635456967
-0.400274085423
-0.48581930423
-0.40066736619
-0.485553986289
-0.40080038653
-0.485548011802
-0.400677854688
-0.48580171135
-0.400293657808
-0.486326948855
-0.399630074883
-0.487147970301
-0.398655856546
-0.488304298575
-0.397322225954
-0.489856020453
-0.39555590857
-0.491892909128
-0.393247053727
-0.494550480391
-0.39022756731
-0.498039640192
-0.386229984697
-0.502705198551
-0.380803317008
-0.509150708245
-0.373117661548
-0.51857550202
-0.361428324094
-0.533711164796
-0.341402957701
-0.562741129269
-0.295509123046
-0.652379261934
