-0.651885762628
-0.296092467358
-0.562759926453
-0.341303059207
-0.533690875584
-0.361446142932
-0.518560306132
-0.373129872243
-0.50914472815
-0.38080471189
-0.502709397363
-0.386215895909
-0.498060073317
-0.390198837075
-0.494586288608
-0.393206152086
-0.491942312702
-0.395504481203
-0.489917968479
-0.397260418435
-0.488378957983
-0.398582378205
-0.487236563854
-0.399542648581
-0.486431286955
-0.400189382194
-0.485924375635
-0.400551825557
-0.485696977283
-0.400644541469
-0.485739761545
-0.400473451115
-0.486044223729
-0.400042802939
-0.486622023501
-0.399331368188
-0.487506319725
-0.398310880845
-0.488715420469
-0.397097194884
-0.490208363623
-0.394947989655
-0.492615380504
-0.392226790001
-0.495649638254
-0.388842702728
-0.499462453429
-0.384541798228
-0.504388714982
-0.378879836725
-0.51102956324
-0.371038312101
-0.520560829771
-0.359308586019
-0.53567981249
-0.339321913481
-0.564528225101
-0.29468522197
-0.6530580682
