-0.651887253047
-0.296090682263
-0.562763784638
-0.341298574759
-0.533698242092
-0.361437768515
-0.518572630427
-0.373116129285
-0.50916376979
-0.380783993602
-0.502736966265
-0.386187153065
-0.498097064844
-0.390163602526
-0.494630885757
-0.393171369936
-0.492003808381
-0.395439491576
-0.489968738411
-0.397185244668
-0.488462792821
-0.398535684384
-0.487302655585
-0.39944649656
-0.486546938358
-0.400042092925
-0.486088364662
-0.400364182836
-0.485895356038
-0.400430898217
-0.48595988994
-0.40024805564
-0.48627858411
-0.399859153773
-0.486832253287
-0.399100009182
-0.487762557983
-0.397953077323
-0.489093366209
-0.396398269207
-0.49085796324
-0.394386802045
-0.493123361458
-0.391828419792
-0.496006834775
-0.388571264724
-0.499704282391
-0.384362482922
-0.504547464032
-0.378765603525
-0.511129942911
-0.370969072543
-0.520621086108
-0.359269665245
-0.535713230694
-0.339302719395
-0.564544380673
-0.294678211798
-0.653063817761
