-0.651885426218
-0.296092870638
-0.562759054682
-0.341304075158
-0.53368920578
-0.361448053477
-0.518557490343
-0.373133058335
-0.509140298022
-0.380809688686
-0.502702720669
-0.386223360103
-0.498050295898
-0.39020973098
-0.494572255599
-0.393221750835
-0.491922460983
-0.395526511663
-0.489890179412
-0.397291220936
-0.488340356294
-0.398625123813
-0.487183246429
-0.399601621042
-0.486357970918
-0.400270310424
-0.485823993957
-0.400662156311
-0.485560455313
-0.400793190914
-0.485556951193
-0.40066789569
-0.485814102935
-0.400279828352
-0.48634420101
-0.399610786691
-0.487172121236
-0.398628821122
-0.488338311522
-0.397284166907
-0.489904150789
-0.395502332965
-0.491960697603
-0.393173144648
-0.494639616097
-0.390135101625
-0.498135057163
-0.386133503757
-0.502816556305
-0.380706990596
-0.50927141538
-0.373271257191
-0.518557121129
-0.360699240248
-0.53447475063
-0.340021638443
-0.563937500805
-0.294941950818
-0.652847328156
