-0.651885856837
-0.296092354423
-0.562760170585
-0.341302774703
-0.533691343189
-0.361445607929
-0.518561094621
-0.373128980128
-0.509145968576
-0.380803318623
-0.502711266446
-0.386213807073
-0.498062809274
-0.39019579077
-0.494590212035
-0.393201796803
-0.49194785351
-0.395498348694
-0.489925698586
-0.397251894834
-0.488389624944
-0.398570686655
-0.487251106547
-0.399526885263
-0.48645077362
-0.400168727835
-0.485949688405
-0.400526270572
-0.485727787235
-0.400616867126
-0.485772753501
-0.400451444926
-0.486088395991
-0.399992521647
-0.486650511436
-0.399279474964
-0.487547557017
-0.398437977432
-0.488652599259
-0.396786400666
-0.490510131952
-0.394663272167
-0.49287617361
-0.392019332912
-0.49583653077
-0.388700276223
-0.499589607069
-0.384447453053
-0.504472317425
-0.378819667333
-0.511082457574
-0.371001824857
-0.520592588754
-0.35928807189
-0.535697427615
-0.339311795998
-0.56453674116
-0.294681526704
-0.653061098983
