-0.651886936712
-0.296091060251
-0.56276296805
-0.341299517239
-0.533696696201
-0.361439495365
-0.518570099381
-0.373118836774
-0.50916005759
-0.380787643487
-0.502732245177
-0.386190830893
-0.498092729033
-0.390163912791
-0.494630393406
-0.393161937788
-0.491990462784
-0.395460711075
-0.489976695258
-0.397207236157
-0.488448644898
-0.398517241313
-0.487318555678
-0.399475618455
-0.486513182524
-0.400075981248
-0.48605527085
-0.400391932275
-0.485869471573
-0.400451937517
-0.485940620785
-0.400263601833
-0.486264465085
-0.399870525661
-0.486821951478
-0.3991082609
-0.487755100094
-0.397959008275
-0.48908801845
-0.396402485159
-0.490854171663
-0.394389759644
-0.493120709496
-0.391830461471
-0.496005010591
-0.388572645967
-0.49970305366
-0.38436339334
-0.504546658566
-0.378766183024
-0.511129433839
-0.370969423673
-0.520620780572
-0.359269862594
-0.535713061255
-0.339302816714
-0.564544298761
-0.29467824734
-0.65306378861
