-0.651889881723
-0.296087551277
-0.562770544968
-0.341290847925
-0.533710889154
-0.361424009766
-0.518592530203
-0.373096635055
-0.509185991278
-0.380769472872
-0.502758781303
-0.38616944339
-0.498116109375
-0.390141900338
-0.494653566392
-0.393148104961
-0.492010551307
-0.395422613438
-0.490011565974
-0.397148523027
-0.488502402638
-0.398439092685
-0.487391060786
-0.39936806417
-0.486616957884
-0.399985035698
-0.486139338078
-0.400323149886
-0.485932113723
-0.400401347309
-0.485986421779
-0.400226731065
-0.486297757101
-0.399843735801
-0.486846147919
-0.399088887872
-0.487772582601
-0.397945108032
-0.489100542144
-0.396392612999
-0.490863046639
-0.394382837109
-0.493126915463
-0.391825683766
-0.496009278939
-0.388569414078
-0.499705928566
-0.384361263214
-0.504548543094
-0.378764827188
-0.511130624888
-0.370968602154
-0.520621495415
-0.35926940087
-0.535713457681
-0.339302589024
-0.564544490403
-0.294678164184
-0.653063856812
