-0.651887382547
-0.296090526436
-0.562764121733
-0.341298177546
-0.533698896467
-0.361436999842
-0.518573770111
-0.37311476553
-0.509165691284
-0.380781591611
-0.502740258262
-0.386182771277
-0.498102660254
-0.39015604947
-0.494633784096
-0.393163805004
-0.491999372806
-0.395452725655
-0.489984505993
-0.397197742222
-0.488456949445
-0.398519371858
-0.487312654932
-0.399437522498
-0.486552585992
-0.400037717718
-0.486091352791
-0.400361878584
-0.485897072963
-0.400429556671
-0.485960963909
-0.400247206976
-0.48627929813
-0.399858585016
-0.486832747241
-0.399099615826
-0.487762905622
-0.397952801687
-0.48909361188
-0.396398075822
-0.490858136141
-0.394386667275
-0.49312348195
-0.391828327062
-0.496006917509
-0.388571202089
-0.499704338071
-0.38436244167
-0.504547500518
-0.378765577276
-0.511129965966
-0.370969056641
-0.520621099945
-0.359269656308
-0.535713238367
-0.339302714988
-0.564544384382
-0.294678210188
-0.653063819081
