-0.65189124592
-0.296085956577
-0.562773976691
-0.341287160738
-0.533716771504
-0.361418947272
-0.518596716415
-0.373099117642
-0.509189147702
-0.380762265006
-0.502759875511
-0.386162682846
-0.498121655085
-0.390142861783
-0.494651830633
-0.393132757905
-0.492026460594
-0.395407705569
-0.490025500305
-0.397137155866
-0.488512734818
-0.398430826212
-0.487398504173
-0.399362112825
-0.4866223015
-0.399980753956
-0.486143181629
-0.400320064121
-0.485934885675
-0.400399119421
-0.485988425058
-0.400225120833
-0.48629920601
-0.399842570564
-0.486847198465
-0.399088046968
-0.487773340744
-0.397944505312
-0.489101084921
-0.396392185165
-0.490863431167
-0.394382537185
-0.49312718431
-0.391825476795
-0.496009463834
-0.388569274081
-0.499706053096
-0.384361170945
-0.504548624723
-0.378764768459
-0.511130676479
-0.370968566569
-0.520621526378
-0.35926938087
-0.535713474852
-0.339302579162
-0.564544498704
-0.294678160582
-0.653063859766
