-0.651886112656
-0.296092047763
-0.562760833487
-0.341302002236
-0.533692612781
-0.361444155622
-0.518563234945
-0.37312655955
-0.509149333893
-0.380799542092
-0.502716331583
-0.3862081571
-0.498070206119
-0.390187586432
-0.494600768313
-0.393190168601
-0.491962617347
-0.395482258682
-0.489945897597
-0.397230306715
-0.488416419594
-0.398543158217
-0.487284846893
-0.399495096392
-0.486490320623
-0.4001373263
-0.486010498155
-0.400461619853
-0.485767120655
-0.400547965805
-0.485842872809
-0.400418306379
-0.486125578448
-0.39999128458
-0.486714421702
-0.399195368439
-0.487677188182
-0.398021039374
-0.489032396909
-0.396446324215
-0.490814857236
-0.394420418412
-0.493093257892
-0.391851592459
-0.495986143683
-0.388586930562
-0.499690350517
-0.384372805277
-0.50453833291
-0.378772172887
-0.511124172289
-0.370973052772
-0.520617622803
-0.359271902226
-0.535711310092
-0.339303822508
-0.564543452209
-0.294678614673
-0.653063487335
