-0.651885520729
-0.296092757341
-0.562759299596
-0.341303789738
-0.533689674892
-0.361447516729
-0.518558281411
-0.373132163226
-0.509141542635
-0.380808290463
-0.502704596485
-0.386221262957
-0.498053042996
-0.390206669945
-0.494576198758
-0.393217367021
-0.491928040264
-0.395520318117
-0.489897992543
-0.397282555275
-0.488351217843
-0.398613082048
-0.487198271096
-0.399584964775
-0.486378691341
-0.400247337133
-0.485852525976
-0.400630523434
-0.485599712021
-0.400749694099
-0.485610931324
-0.400608209677
-0.485888207847
-0.400198335671
-0.486445392888
-0.399500937505
-0.487308153569
-0.398485525877
-0.488513343589
-0.397112325087
-0.490106736643
-0.39529410984
-0.492171140551
-0.392957720889
-0.494866794346
-0.390224609241
-0.498201338763
-0.385570125163
-0.503472967512
-0.379549389298
-0.510440068406
-0.371446068704
-0.520205716795
-0.359538073441
-0.53548271462
-0.339435128486
-0.564432923078
-0.294726575717
-0.653024149961
