-0.651894950733
-0.296082095314
-0.562781340683
-0.341284661244
-0.533721167323
-0.361417004354
-0.518597062284
-0.37308975085
-0.509190546111
-0.38075732174
-0.50276415444
-0.38616058341
-0.498124216546
-0.390131964629
-0.494662842736
-0.393122944652
-0.492035540637
-0.39540041502
-0.490032080541
-0.397131936495
-0.488517409481
-0.398427110053
-0.487401827125
-0.399359460769
-0.486624674546
-0.3999788537
-0.486144884433
-0.400318697415
-0.48593611229
-0.400398133689
-0.485989311
-0.400224408761
-0.486299846587
-0.399842055417
-0.486847662848
-0.399087675262
-0.487773675847
-0.39794423891
-0.489101324821
-0.39639199607
-0.490863601119
-0.394382404625
-0.493127303133
-0.39182538532
-0.496009545552
-0.388569212207
-0.499706108134
-0.384361130165
-0.504548660801
-0.378764742503
-0.51113069928
-0.370968550842
-0.520621540063
-0.359269372031
-0.535713482441
-0.339302574803
-0.564544502373
-0.29467815899
-0.653063861072
