-0.651885523574
-0.29609275393
-0.56275930697
-0.341303781144
-0.533689689017
-0.361447500567
-0.51855830523
-0.373132136274
-0.509141580112
-0.38080824836
-0.502704652969
-0.386221199803
-0.498053125725
-0.390206577748
-0.494576317529
-0.393217234935
-0.491928208383
-0.395520131374
-0.489898228156
-0.39728229364
-0.488351545879
-0.398612717526
-0.487198726192
-0.399584458013
-0.486379322494
-0.4002466314
-0.485853404442
-0.400629533695
-0.485600945542
-0.400748285379
-0.485612693543
-0.400606149337
-0.485890802478
-0.400195184013
-0.486449385185
-0.399495829404
-0.487314357743
-0.398477408447
-0.488517738782
-0.397102178452
-0.490105884127
-0.395302849839
-0.492190476763
-0.392968170757
-0.494879290799
-0.390178497652
-0.498228616538
-0.385548042978
-0.503488102917
-0.379538595447
-0.510448312069
-0.371440447979
-0.520210291702
-0.359535135149
-0.535485167185
-0.339433722762
-0.564434093968
-0.294726067937
-0.653024565155
