-0.651887852568
-0.296089966428
-0.56276533087
-0.341296794115
-0.533701161298
-0.36143452596
-0.51857737603
-0.37311112332
-0.509170604817
-0.380777520452
-0.502745258848
-0.386181497576
-0.498104176033
-0.390164426256
-0.494645659666
-0.393143969472
-0.491992594967
-0.395432361752
-0.489997801001
-0.397213610466
-0.488443139246
-0.398492532734
-0.487343687197
-0.399406633468
-0.486582673805
-0.400012573337
-0.486114754863
-0.400342885837
-0.485914436631
-0.400415551167
-0.485973669451
-0.400236979498
-0.486288542768
-0.399851145358
-0.486839470459
-0.399094232511
-0.487767765008
-0.39794893788
-0.489097093564
-0.396395331234
-0.490860603681
-0.394384742561
-0.493125207495
-0.391826998633
-0.496008104333
-0.388570303453
-0.499705137454
-0.384361849376
-0.504548024523
-0.378765200277
-0.511130297146
-0.370968828211
-0.520621298712
-0.359269527922
-0.535713348597
-0.339302651677
-0.564544437669
-0.294678187066
-0.653063838045
