-0.651885580886
-0.296092685226
-0.562759455488
-0.341303608064
-0.53368997349
-0.36144717508
-0.518558784938
-0.373131593479
-0.509142334846
-0.380807400487
-0.502705790447
-0.386219928146
-0.498054791486
-0.390204721726
-0.494578708384
-0.393214577181
-0.491931590814
-0.395516377337
-0.489902963598
-0.397277043645
-0.488358125519
-0.398605428743
-0.487207818588
-0.399574393704
-0.48639183738
-0.400232796895
-0.485870572649
-0.400610608726
-0.485624394316
-0.400722594204
-0.485644472711
-0.400571788292
-0.48593315896
-0.400150704229
-0.48650366176
-0.399442585727
-0.487377570185
-0.39842506004
-0.488583896451
-0.397030300931
-0.490168762153
-0.395228271265
-0.492256219009
-0.393173690271
-0.494780646144
-0.389583474137
-0.498799736252
-0.385042742801
-0.503944776286
-0.379200369719
-0.510747814467
-0.371232770884
-0.52039158125
-0.359417918215
-0.535585933583
-0.339375834726
-0.564482839167
-0.294704915741
-0.653041915815
