-0.651886062468
-0.296092107922
-0.562760703445
-0.341302153743
-0.533692363781
-0.361444440327
-0.518562815406
-0.373127033538
-0.509148675068
-0.3808002798
-0.502715342687
-0.386209255149
-0.498068770217
-0.390189164204
-0.494598743133
-0.393192356767
-0.491959853246
-0.395485151254
-0.489942306255
-0.397233811563
-0.488412177854
-0.398546587831
-0.487280868773
-0.399496290745
-0.486488067781
-0.400133568023
-0.485992588308
-0.400492744029
-0.485786754895
-0.400552932067
-0.485809565905
-0.400381115967
-0.48614506081
-0.400038478969
-0.486673569228
-0.399235118026
-0.487642946951
-0.398048997219
-0.489007888115
-0.396465690539
-0.490797697186
-0.394433793634
-0.493081354524
-0.391860749985
-0.495977991782
-0.388593100584
-0.499684871447
-0.384376864161
-0.504534744882
-0.378774754099
-0.511121905612
-0.370974616143
-0.520616262652
-0.359272780751
-0.535710555858
-0.339304255705
-0.564543087603
-0.294678772881
-0.653063357578
