-0.651894803663
-0.296082544889
-0.56278078638
-0.341285115194
-0.533721277726
-0.361416781498
-0.518596454196
-0.373089216061
-0.509190616193
-0.380758279007
-0.502763531124
-0.386161085848
-0.498123864344
-0.390132227617
-0.494662641129
-0.393123097484
-0.492035415899
-0.395400511375
-0.490031998803
-0.39713200052
-0.488517353907
-0.398427154007
-0.487401788446
-0.399359491566
-0.486624647216
-0.39997887556
-0.486144864928
-0.40031871306
-0.485936098279
-0.400398144945
-0.485989300895
-0.400224416881
-0.486299839287
-0.399842061288
-0.486847657557
-0.399087679496
-0.48777367203
-0.397944241944
-0.489101322089
-0.396391998223
-0.490863599183
-0.394382406135
-0.49312730178
-0.391825386362
-0.496009544621
-0.388569212911
-0.499706107507
-0.38436113063
-0.50454866039
-0.378764742799
-0.51113069902
-0.370968551021
-0.520621539907
-0.359269372131
-0.535713482355
-0.339302574852
-0.564544502331
-0.294678159008
-0.653063861057
