-0.651886195099
-0.296091948948
-0.562761047089
-0.341301753429
-0.533693021675
-0.361443688338
-0.518563923449
-0.373125782597
-0.509150413529
-0.380798336215
-0.502717947065
-0.386206372736
-0.498072536391
-0.390185054005
-0.494604009476
-0.393186747975
-0.491966910675
-0.395477999307
-0.489951108324
-0.397225895159
-0.488421604007
-0.398540910493
-0.487288266141
-0.399498313219
-0.486508718782
-0.400105537074
-0.485991482036
-0.400456299228
-0.485801226911
-0.40058644724
-0.485818789123
-0.400371208971
-0.486168510622
-0.39994887027
-0.486751778362
-0.399164553628
-0.487704533642
-0.39799921235
-0.489051882457
-0.396430964738
-0.490828599872
-0.39440970316
-0.493102841174
-0.391844216554
-0.495992725572
-0.388581947565
-0.499694780646
-0.38436952303
-0.504541235969
-0.37877008432
-0.511126006802
-0.370971787443
-0.52061872377
-0.359271191103
-0.535711920633
-0.339303471839
-0.564543747357
-0.294678486603
-0.653063592373
