-0.651892877768
-0.296084243118
-0.56277753889
-0.341284784689
-0.53372001173
-0.361422244376
-0.518599209243
-0.37309105532
-0.509186209403
-0.380754516425
-0.502764425236
-0.386166153455
-0.49811983
-0.390135764524
-0.494659764527
-0.393125347612
-0.492033519685
-0.395401988884
-0.490030723736
-0.397133002453
-0.488516476352
-0.39842784906
-0.487401173931
-0.399359981189
-0.486624211635
-0.399979224071
-0.486144553562
-0.400318962865
-0.485935874426
-0.400398324799
-0.485989139378
-0.400224546685
-0.486299722564
-0.39984215515
-0.486847572963
-0.399087747206
-0.487773610995
-0.397944290466
-0.489101278397
-0.396392032662
-0.490863568232
-0.394382430276
-0.49312728014
-0.391825403021
-0.496009529739
-0.388569224179
-0.499706097484
-0.384361138056
-0.50454865382
-0.378764747526
-0.511130694868
-0.370968553885
-0.520621537415
-0.359269373741
-0.535713480973
-0.339302575646
-0.564544501663
-0.294678159298
-0.653063860819
