-0.651885665562
-0.296092583718
-0.562759674917
-0.341303352343
-0.533690393789
-0.361446694185
-0.518559493688
-0.37313079152
-0.509143449937
-0.380806147792
-0.50270747102
-0.386218049338
-0.498057252559
-0.390201979579
-0.494582240702
-0.39321065062
-0.491936587986
-0.395510831377
-0.489909959346
-0.397269288341
-0.488367844777
-0.398594663581
-0.487221247037
-0.399559534203
-0.486410313466
-0.400212384333
-0.48589589918
-0.400582722659
-0.485658928156
-0.400684850215
-0.485691063066
-0.400521724745
-0.485994069968
-0.400088305342
-0.486571180054
-0.399377854104
-0.487441511377
-0.398358667096
-0.488658532689
-0.396983852437
-0.490258023197
-0.395376462121
-0.492206899649
-0.392602932028
-0.495308111858
-0.389109262933
-0.499223920132
-0.384719554837
-0.504231063469
-0.378993392269
-0.51092970293
-0.371107208081
-0.520500853203
-0.359347328068
-0.535646543479
-0.339341022126
-0.564512140699
-0.294692201282
-0.653052343874
