-0.651888672322
-0.296088991812
-0.562767434274
-0.341294403177
-0.533705069342
-0.361430330395
-0.518583461154
-0.373105262916
-0.509178400529
-0.380772078218
-0.502752104768
-0.386182408403
-0.498116485092
-0.390140239666
-0.494635920831
-0.393137441182
-0.492017861144
-0.395456322845
-0.489981740925
-0.397176416502
-0.488478210307
-0.398458778997
-0.48737379414
-0.399381879712
-0.486604724263
-0.399994827712
-0.486130611662
-0.400330149958
-0.485925849205
-0.400406379801
-0.485981905515
-0.400230360271
-0.486294494816
-0.399846359023
-0.486843784156
-0.399090779796
-0.487770877344
-0.397946463651
-0.489099321516
-0.396393575117
-0.490862181969
-0.394383511531
-0.493126310943
-0.391826149151
-0.4960088632
-0.388569728863
-0.499705648561
-0.384361470679
-0.504548359552
-0.378764959238
-0.511130508888
-0.370968682164
-0.520621425794
-0.359269445838
-0.535713419072
-0.339302611199
-0.564544471739
-0.294678172282
-0.65306385017
