-0.651885415319
-0.296092883704
-0.562759026439
-0.341304108073
-0.533689151682
-0.361448115375
-0.518557399117
-0.373133161559
-0.509140154492
-0.380809849931
-0.502702504348
-0.386223601951
-0.498049979095
-0.390210083993
-0.494571800853
-0.393222256419
-0.491921817519
-0.395527226022
-0.489889278234
-0.397292220588
-0.488339103282
-0.398626513359
-0.487181512548
-0.399603544234
-0.486355578126
-0.400272966085
-0.485820694819
-0.40066582119
-0.485555904749
-0.400798252123
-0.485550663614
-0.400674899171
-0.485805389203
-0.400289549845
-0.486332074658
-0.399624335065
-0.48715516044
-0.398647782561
-0.488314466415
-0.39731077743
-0.489870536117
-0.395539537969
-0.491913824924
-0.393223519113
-0.494580606637
-0.390194279024
-0.498079431875
-0.38618816691
-0.502743261531
-0.380764822152
-0.509200960176
-0.373080103606
-0.518628610707
-0.361589926138
-0.533664944653
-0.340559347775
-0.5634784742
-0.295144878863
-0.652680276804
