-0.651885415267
-0.296092883767
-0.562759026302
-0.341304108232
-0.53368915142
-0.361448115674
-0.518557398676
-0.373133162058
-0.509140153798
-0.380809850711
-0.502702503301
-0.386223603121
-0.498049977563
-0.390210085701
-0.494571798653
-0.393222258865
-0.491921814406
-0.395527229479
-0.489889273873
-0.397292225427
-0.488339097216
-0.398626520091
-0.487181504147
-0.399603553565
-0.486355566513
-0.400272979008
-0.485820678753
-0.400665839127
-0.485555882447
-0.400798277167
-0.485550632422
-0.400674934552
-0.485805344969
-0.400289600906
-0.486332010393
-0.399624411507
-0.487155063175
-0.398647904068
-0.488314309206
-0.397310988718
-0.489870256475
-0.395539950688
-0.491913267811
-0.393224422221
-0.494579453123
-0.390196223738
-0.49807882178
-0.386191121326
-0.502744253599
-0.380760769068
-0.509194300199
-0.373074750756
-0.518619930086
-0.36161353234
-0.533654528812
-0.340565874146
-0.5634746863
-0.295146519084
-0.652679104791
