-0.651886248988
-0.296091884337
-0.562761186762
-0.341301590578
-0.533693289361
-0.361443381702
-0.51856437549
-0.373125269778
-0.509151127016
-0.380797530256
-0.502719029755
-0.386205148623
-0.498074144352
-0.390183222018
-0.494606382582
-0.393183995667
-0.491970449596
-0.395473761165
-0.489956522497
-0.397219122997
-0.488429745583
-0.398530741599
-0.487292256858
-0.399488000781
-0.486503302724
-0.400122724768
-0.486012747448
-0.400471977931
-0.485793336394
-0.400564859015
-0.485832547856
-0.40035873438
-0.486176609857
-0.399942543725
-0.48675621679
-0.399161125131
-0.487707147756
-0.397997183306
-0.489053535436
-0.396429679517
-0.490829692937
-0.3944088567
-0.493103578434
-0.391843651009
-0.495993223597
-0.388581571121
-0.499695113186
-0.384369276834
-0.504541453072
-0.378769928178
-0.511126143764
-0.370971692988
-0.520618805909
-0.359271138052
-0.53571196617
-0.339303445685
-0.564543769369
-0.294678477052
-0.653063600207
