-0.651886825453
-0.296091193835
-0.562762679193
-0.341299855436
-0.533696139807
-0.361440139141
-0.518569148187
-0.373119939762
-0.509158515016
-0.380789464974
-0.502729772194
-0.38619386529
-0.498088683199
-0.390169155274
-0.494623849863
-0.393170487059
-0.491987108756
-0.395469293163
-0.48998144695
-0.397192645832
-0.488430893581
-0.398503627103
-0.487325092442
-0.39949392365
-0.486501727619
-0.400086318299
-0.486048636597
-0.400397099245
-0.485865875442
-0.400454722632
-0.485938512256
-0.400265253725
-0.486263127409
-0.399871585109
-0.486821052743
-0.399108974217
-0.487754477983
-0.397959500644
-0.489087582702
-0.396402827848
-0.490853866386
-0.394389997486
-0.493120497242
-0.391830624785
-0.496004865012
-0.388572756166
-0.499702955737
-0.384363465886
-0.504546594416
-0.378766229174
-0.511129393306
-0.370969451629
-0.520620756248
-0.359269878305
-0.535713047766
-0.339302824461
-0.564544292241
-0.29467825017
-0.653063786289
