-0.651886151941
-0.296092000665
-0.562760935301
-0.341301883554
-0.533692807856
-0.36144393229
-0.518563564138
-0.373126186568
-0.50914985267
-0.380798957643
-0.502717116198
-0.386207274811
-0.498071363509
-0.39018628175
-0.494602453886
-0.393188251946
-0.491965070626
-0.395479417467
-0.489949518762
-0.397225976557
-0.488421913365
-0.398536301476
-0.487293036135
-0.399484899753
-0.486494229559
-0.400126925672
-0.486004908327
-0.400479234721
-0.485788694782
-0.400563982194
-0.485834772675
-0.400396572176
-0.486139303807
-0.39997884748
-0.486722374539
-0.399189203075
-0.487681453349
-0.398017773568
-0.489034860614
-0.396444430179
-0.490816389224
-0.394419240225
-0.493094254988
-0.391850830424
-0.495986804671
-0.388586431855
-0.499690787774
-0.384372481831
-0.504538617122
-0.378771968558
-0.511124351232
-0.370972929385
-0.520617730026
-0.359271832978
-0.535711369515
-0.339303788379
-0.564543480929
-0.294678602211
-0.653063497555
