-0.651891163235
-0.29608609665
-0.562773649493
-0.341287836782
-0.533715583699
-0.361421343288
-0.518595785002
-0.373101447555
-0.509191002286
-0.380757639923
-0.502754913871
-0.386157782576
-0.498123424719
-0.390148276006
-0.494648972831
-0.393135183304
-0.492025155088
-0.39540866618
-0.490024947923
-0.397137561547
-0.48851247993
-0.398431017251
-0.48739837185
-0.399362214243
-0.486622224719
-0.399980813902
-0.486143133056
-0.400320102538
-0.48593485311
-0.400399145378
-0.485988402445
-0.400225138929
-0.486299189999
-0.39984258341
-0.486847186987
-0.399088056145
-0.487773332509
-0.397944511855
-0.489101079043
-0.396392189797
-0.490863427009
-0.394382540427
-0.493127181405
-0.391825479031
-0.496009461837
-0.388569275593
-0.499706051751
-0.384361171942
-0.504548623842
-0.378764769094
-0.511130675921
-0.370968566954
-0.520621526044
-0.359269381086
-0.535713474666
-0.339302579268
-0.564544498615
-0.294678160621
-0.653063859734
