-0.651886528036
-0.296091550008
-0.562761909404
-0.341300749819
-0.533694670743
-0.361441807564
-0.518566693364
-0.373122670978
-0.50915473271
-0.380793559267
-0.50272433095
-0.386199469074
-0.49808150249
-0.390175751614
-0.494615765998
-0.393175626698
-0.491980495293
-0.395468152491
-0.489963413103
-0.397224055664
-0.48844514393
-0.398510969298
-0.487291307153
-0.39945896676
-0.486526027993
-0.400136270391
-0.486001139979
-0.400443782868
-0.485823961449
-0.400489502262
-0.48590735436
-0.40029043638
-0.486240523639
-0.399889778543
-0.486804672994
-0.399122085817
-0.487742665583
-0.397968890928
-0.489079129547
-0.396409490606
-0.490847879198
-0.394394667283
-0.493116311717
-0.391833846956
-0.496001986659
-0.388574935558
-0.499701017168
-0.384364902237
-0.504545323703
-0.378767143395
-0.511128590206
-0.370970005561
-0.520620274248
-0.359270189634
-0.535712780467
-0.339302977987
-0.564544163021
-0.29467830624
-0.653063740302
