-0.65188547624
-0.296092810674
-0.562759184308
-0.341303924094
-0.533689454067
-0.361447769392
-0.518557909032
-0.373132584579
-0.50914095676
-0.380808948645
-0.502703713488
-0.386222250135
-0.498051749871
-0.390208110833
-0.494574342642
-0.39321943052
-0.491925414061
-0.395523233343
-0.489894315036
-0.397286633738
-0.488346105995
-0.398618748504
-0.487191201263
-0.399592800101
-0.486368944928
-0.400258137259
-0.485839114593
-0.400645376477
-0.48558128461
-0.400770069559
-0.485585659784
-0.400636039172
-0.485853697256
-0.400235979338
-0.486398779656
-0.399550688819
-0.487246998749
-0.398547539657
-0.48843930855
-0.397178251339
-0.490033312861
-0.395378114415
-0.492101687934
-0.393028724637
-0.494779398105
-0.389991066783
-0.498293381044
-0.386302262828
-0.502791646845
-0.380129794365
-0.509923835609
-0.371811670463
-0.519886242719
-0.359745343655
-0.535304479832
-0.339537575051
-0.564346648697
-0.294764015951
-0.652993437781
