-0.651885989252
-0.296092195688
-0.562760513723
-0.341302374819
-0.533692000432
-0.36144485595
-0.518562202892
-0.373127726187
-0.509147712104
-0.380801360206
-0.502713893705
-0.386210870737
-0.498066655347
-0.390191507882
-0.494595728272
-0.393195671842
-0.491955646205
-0.39548971953
-0.489936577101
-0.39723988803
-0.488404654358
-0.398554183018
-0.487271640696
-0.399504551788
-0.486478359191
-0.400139351442
-0.48598512556
-0.400490915695
-0.485762291747
-0.400583763601
-0.485809224103
-0.400413470451
-0.486123725723
-0.399978383341
-0.486704696336
-0.399355256672
-0.487524168095
-0.398164578517
-0.488900842047
-0.396553147733
-0.490718177759
-0.394496282407
-0.49302504449
-0.391904177141
-0.495939100353
-0.388622562888
-0.499658633591
-0.384396308036
-0.504517533786
-0.378787137518
-0.511111024688
-0.370982121377
-0.520609731331
-0.359276999439
-0.535706933641
-0.33930633616
-0.564541336501
-0.294679532713
-0.653062734384
