-0.651879542364
-0.296099900301
-0.562745292011
-0.3413199707
-0.533665933398
-0.36147431484
-0.518523295842
-0.373171058613
-0.509093879783
-0.380860704842
-0.502642898553
-0.386288546436
-0.497976068899
-0.39029005984
-0.494482888261
-0.393317951786
-0.491817559986
-0.395639099886
-0.489769640171
-0.397420870344
-0.488203914027
-0.398773881707
-0.487030280106
-0.399773192267
-0.486207418833
-0.400424170974
-0.485644095192
-0.400819569506
-0.485409256272
-0.400995090681
-0.48537717704
-0.40082001042
-0.485682477012
-0.4003855053
-0.486254532207
-0.399684906579
-0.487108308417
-0.398685189714
-0.488286250472
-0.397334384009
-0.489851290156
-0.395557337194
-0.491894702764
-0.393243560366
-0.494552641972
-0.390224956493
-0.498036633166
-0.386233790168
-0.502693391813
-0.380816642331
-0.509134108446
-0.373137509778
-0.518553556344
-0.361450722736
-0.533686872885
-0.34130549455
-0.56275783673
-0.296093434061
-0.651884956221
