-0.651879320031
-0.296100166793
-0.562744715994
-0.341320641735
-0.533664830716
-0.361475575446
-0.51852143861
-0.373173156348
-0.509090964847
-0.380863967417
-0.502638526785
-0.386293397254
-0.497969728997
-0.390297017214
-0.494473964985
-0.39332757019
-0.491805424597
-0.395651739258
-0.489753975684
-0.397436003549
-0.48818558497
-0.398788407776
-0.487012132844
-0.399780545319
-0.486175056423
-0.400459781
-0.485636093155
-0.400856235868
-0.485372014914
-0.400986634975
-0.485371956825
-0.40085636805
-0.485635917815
-0.400460111227
-0.486174751599
-0.399781217705
-0.487011496459
-0.398789684365
-0.48818426921
-0.397438216631
-0.489751524885
-0.395655313795
-0.491801212643
-0.3933332394
-0.494467175568
-0.390305884039
-0.497964585794
-0.386293242921
-0.50262526638
-0.380866618944
-0.509089060111
-0.37318691875
-0.51851742191
-0.361475956826
-0.533667138806
-0.341317466269
-0.562748075015
-0.296097939414
-0.651881264815
