-0.651879599749
-0.296099831501
-0.562745440728
-0.34131979732
-0.533666218353
-0.361473988475
-0.518523776869
-0.373170513054
-0.509094638605
-0.380859848042
-0.50264404909
-0.386287246565
-0.497977775452
-0.390288117971
-0.494485401788
-0.393315042878
-0.491821296186
-0.395634641181
-0.489775327738
-0.397413793121
-0.488212413176
-0.398763335866
-0.48703451903
-0.399762545594
-0.486202025358
-0.400441547568
-0.485665903322
-0.40083537634
-0.485401208462
-0.400972932994
-0.485391503996
-0.400806971217
-0.485691075576
-0.400378765865
-0.486259337623
-0.399681171191
-0.487111191927
-0.398682930845
-0.488288105273
-0.397332923824
-0.489852538793
-0.395556354556
-0.491895563067
-0.393242886955
-0.494553238752
-0.390224494104
-0.498037045004
-0.386233476064
-0.50269367171
-0.380816433789
-0.509134293738
-0.373137376546
-0.518553673989
-0.361450642919
-0.533686942617
-0.341305452124
-0.562757873129
-0.296093417224
-0.651884970266
