-0.651880316397
-0.296098972785
-0.56274729671
-0.341317637181
-0.533669767332
-0.361469940383
-0.518529737845
-0.373163814417
-0.509103935573
-0.380849557031
-0.502657800433
-0.386272349663
-0.497997104772
-0.390268032363
-0.494510377765
-0.393292055731
-0.491842364777
-0.395620705828
-0.489796653788
-0.397401001993
-0.488232430133
-0.398748868878
-0.487062076734
-0.399749343442
-0.486212504806
-0.40039341721
-0.485709665198
-0.400753174544
-0.485479458545
-0.400855825589
-0.485503798955
-0.400707845969
-0.485782736767
-0.400303538097
-0.486327984503
-0.399625728224
-0.48716149428
-0.398642558204
-0.488324628245
-0.397303769503
-0.489878864484
-0.395535481214
-0.491914380688
-0.393228099806
-0.494566544702
-0.390214164304
-0.498046317209
-0.386226397454
-0.502700003864
-0.380811713781
-0.509138495401
-0.373134354754
-0.518556344609
-0.36144883087
-0.533688526345
-0.341304488543
-0.562758699964
-0.296093034731
-0.651885289335
