-0.651879682703
-0.296099732121
-0.562745655515
-0.341319547468
-0.533666628798
-0.361473520924
-0.518524465153
-0.3731697419
-0.509095708121
-0.380858671863
-0.502645618287
-0.386285570401
-0.497979944669
-0.390285930681
-0.494488142462
-0.393312647231
-0.491824132963
-0.395633275629
-0.489776588454
-0.397416983427
-0.488209222057
-0.398775854228
-0.487049998562
-0.3997398356
-0.486190038409
-0.400417392641
-0.485680065258
-0.400858625957
-0.485383138734
-0.400943439961
-0.48542560041
-0.40077208554
-0.485725254396
-0.400349954314
-0.486286309076
-0.399659234499
-0.487131343484
-0.398666718759
-0.488302863456
-0.397321131627
-0.489863220818
-0.395547881083
-0.491903214421
-0.393236873108
-0.494558654651
-0.390220289137
-0.49804082101
-0.386230593229
-0.502696251068
-0.380814511081
-0.509136005465
-0.373136145476
-0.518554762042
-0.361449904658
-0.53368758787
-0.341305059535
-0.562758210007
-0.296093261384
-0.651885100265
