-0.651879426953
-0.296100038623
-0.562744993036
-0.341320318911
-0.533665361228
-0.361474968575
-0.518522332829
-0.373172144913
-0.509092370765
-0.380862389091
-0.502640643251
-0.386291034132
-0.497972822392
-0.390293578693
-0.494478389699
-0.393322673704
-0.491811645479
-0.395644894489
-0.489762584306
-0.397426618886
-0.488197282143
-0.398775878251
-0.487027572016
-0.399764650388
-0.486193887569
-0.400442856527
-0.48564842827
-0.400846940767
-0.485388527284
-0.400978645997
-0.485390511339
-0.400846648067
-0.485652113977
-0.400454277877
-0.486187511697
-0.399745958743
-0.487051487447
-0.398731907367
-0.488243493809
-0.397368706928
-0.489820121584
-0.395582088942
-0.491872325571
-0.393261153977
-0.494536788186
-0.390237266867
-0.498025575324
-0.386242232764
-0.502685836866
-0.380822274052
-0.509129094346
-0.373141115934
-0.518550369019
-0.361452885392
-0.533684982659
-0.341306644615
-0.562756849861
-0.296093890586
-0.651884575393
