-0.651879396426
-0.296100075219
-0.562744913932
-0.341320411101
-0.533665209721
-0.361475141958
-0.518522077327
-0.373172434166
-0.509091968612
-0.380862841426
-0.502640036408
-0.38629171438
-0.497971931052
-0.390294577396
-0.49447710197
-0.393324121313
-0.491809798908
-0.395646989109
-0.489759929198
-0.397429685483
-0.488193403957
-0.398780498179
-0.487021749723
-0.399771876432
-0.486185312385
-0.400453453466
-0.485644379767
-0.400857763254
-0.485394313836
-0.400960333844
-0.485368057682
-0.400830135031
-0.485660662306
-0.400476645414
-0.48617329843
-0.399758844589
-0.487043199072
-0.398738344261
-0.48823902388
-0.397372140718
-0.489817528572
-0.395584092131
-0.49187070585
-0.393262407713
-0.494535726932
-0.390238084137
-0.498024865138
-0.386242772736
-0.502685361738
-0.380822627522
-0.509128782229
-0.373141340204
-0.518550171567
-0.361453019314
-0.533684865811
-0.341306715698
-0.562756788909
-0.296093918782
-0.651884551879
