-0.651879319962
-0.296100166876
-0.562744715817
-0.341320641942
-0.533664830375
-0.361475575835
-0.518521438036
-0.373173156998
-0.509090963944
-0.380863968431
-0.502638525424
-0.386293398775
-0.497969727006
-0.390297019431
-0.49447396213
-0.393327573361
-0.491805420563
-0.395651743731
-0.489753970046
-0.397436009793
-0.488185577154
-0.398788416419
-0.48701212208
-0.3997805572
-0.486175041682
-0.400459797219
-0.485636073091
-0.400856257802
-0.485371987856
-0.400986664173
-0.485371920939
-0.400856405704
-0.485635871859
-0.400460156415
-0.486174697418
-0.399781262027
-0.487011446566
-0.398789696171
-0.488184269211
-0.397438094766
-0.489751718657
-0.395654753096
-0.491802013112
-0.393331381617
-0.494469352014
-0.390301263338
-0.497962314298
-0.386298405213
-0.502629796825
-0.38087162137
-0.50908680479
-0.373183028877
-0.518519608721
-0.361478737013
-0.533663203865
-0.341320486608
-0.562745115771
-0.296099358549
-0.651880032565
