-0.651880639829
-0.296098586324
-0.562748131536
-0.341316673665
-0.533671347525
-0.361468175153
-0.518532324721
-0.373161046622
-0.509107729817
-0.380845823516
-0.502662629478
-0.386268574637
-0.498001559242
-0.390267648433
-0.494510965162
-0.393301492777
-0.49185596039
-0.395599202852
-0.48978874318
-0.397378719336
-0.488246831417
-0.398767588106
-0.487045860776
-0.399719666289
-0.486246885335
-0.400358856044
-0.485743415317
-0.400724833981
-0.485505900183
-0.400834297035
-0.485523523351
-0.400691900007
-0.485797228924
-0.400291854361
-0.486338563445
-0.399617219308
-0.487169185083
-0.398636392535
-0.488330195381
-0.397299327247
-0.489882871849
-0.395532304308
-0.491917243299
-0.393225850484
-0.494568568207
-0.390212593449
-0.498047727057
-0.386225321161
-0.502700966599
-0.38081099616
-0.509139134194
-0.373133895342
-0.518556750625
-0.361448555383
-0.533688767119
-0.341304342051
-0.562758825667
-0.296092976581
-0.651885337843
