-0.651879320019
-0.296100166807
-0.562744715964
-0.341320641771
-0.533664830657
-0.361475575513
-0.518521438511
-0.37317315646
-0.509090964691
-0.380863967592
-0.50263852655
-0.386293397516
-0.497969728654
-0.390297017595
-0.494473964494
-0.393327570735
-0.491805423904
-0.395651740024
-0.489753974718
-0.397436004614
-0.488185583639
-0.398788409236
-0.48701213103
-0.399780547288
-0.486175053991
-0.400459783588
-0.485636089983
-0.400856239101
-0.485372011003
-0.400986638568
-0.485371952623
-0.400856370743
-0.485635915133
-0.400460108953
-0.486174756185
-0.399781198479
-0.487011525185
-0.398789613898
-0.488184370451
-0.397437997181
-0.48975183631
-0.395654665909
-0.491802111938
-0.393331391711
-0.494469396532
-0.390301399091
-0.497964102415
-0.386297632049
-0.502631600569
-0.380867494756
-0.509083951206
-0.373178202521
-0.518519603559
-0.361481582711
-0.533666016797
-0.341320953351
-0.562745284569
-0.296099473023
-0.651879999956
