-0.65187975772
-0.296099642167
-0.562745849965
-0.341319320662
-0.533667001594
-0.361473093454
-0.518525095362
-0.373169025293
-0.509096705461
-0.380857539606
-0.502647140724
-0.386283831516
-0.497982233736
-0.390283271716
-0.494491600707
-0.39330850025
-0.491829476508
-0.395626579448
-0.489784704112
-0.397406819153
-0.488213338149
-0.39876563021
-0.487044804236
-0.399756499329
-0.48621095292
-0.40043265169
-0.485672404681
-0.400837229749
-0.485396947095
-0.400930879631
-0.485433888327
-0.400765583431
-0.485729896785
-0.400346339051
-0.486289103282
-0.399657038898
-0.487133147804
-0.398665291878
-0.488304084398
-0.397320164651
-0.489864068111
-0.39554721202
-0.491903808132
-0.393236407536
-0.494559070193
-0.390219966877
-0.498041109088
-0.386230373415
-0.502696447301
-0.380814364844
-0.509136135514
-0.373136051957
-0.518554844655
-0.361449848606
-0.533687636848
-0.341305029736
-0.562758235575
-0.296093249556
-0.651885110131
