-0.65187998823
-0.296099365931
-0.562746447016
-0.341318625555
-0.533668143686
-0.361471789774
-0.5185270154
-0.37316686402
-0.509099706263
-0.380854205672
-0.502651599979
-0.386278961083
-0.497988572681
-0.390276550339
-0.494500118831
-0.393300051532
-0.491839464847
-0.395618951988
-0.489786717724
-0.39740874464
-0.48822364684
-0.398758618543
-0.487053883888
-0.399747037119
-0.486218459472
-0.400434842164
-0.485667056219
-0.400794728051
-0.485440287138
-0.400888553092
-0.485473715762
-0.400732292345
-0.485760489959
-0.400321493762
-0.486311716896
-0.39963881622
-0.487149661172
-0.398652045475
-0.488316060675
-0.397310606123
-0.489872696689
-0.395540370893
-0.491909974581
-0.393231561964
-0.494563430061
-0.390216582218
-0.4980441471
-0.38622805414
-0.502698521964
-0.380812818386
-0.509137512129
-0.373135061911
-0.518555719641
-0.361449254918
-0.53368815573
-0.341304714035
-0.562758506473
-0.296093124239
-0.651885214669
