-0.651879333074
-0.296100151158
-0.562744749791
-0.341320602352
-0.533664895437
-0.361475501402
-0.518521547715
-0.373173032914
-0.509091136431
-0.380863774701
-0.502638785237
-0.386293108403
-0.497970107202
-0.390296595991
-0.494474507287
-0.39332696772
-0.491806190795
-0.395650889663
-0.489755046394
-0.397434818195
-0.488187068694
-0.398786767972
-0.487014174896
-0.399778293937
-0.486177849002
-0.4004567155
-0.485639882983
-0.400852111595
-0.485377094918
-0.400981209713
-0.485378578569
-0.400849632627
-0.485643622523
-0.400453855016
-0.486175275453
-0.399781728686
-0.48701406842
-0.398793449978
-0.48818901591
-0.397442525148
-0.489754054838
-0.395656748413
-0.491805106489
-0.393317510915
-0.494486078159
-0.390277144752
-0.497989791044
-0.38626961986
-0.50266134377
-0.380840539769
-0.509112836816
-0.37315280909
-0.518540035483
-0.361459896895
-0.53367885481
-0.341310372957
-0.562753650667
-0.29609537053
-0.651883340853
