-0.651879320055
-0.296100166764
-0.562744716058
-0.341320641661
-0.533664830837
-0.361475575307
-0.518521438814
-0.373173156117
-0.509090965168
-0.380863967056
-0.502638527269
-0.386293396713
-0.497969729705
-0.390297016424
-0.494473966001
-0.393327569059
-0.491805426035
-0.39565173766
-0.489753977698
-0.397436001311
-0.488185587775
-0.398788404653
-0.487012136741
-0.399780540961
-0.486175061848
-0.400459774882
-0.485636100772
-0.400856227143
-0.485372025809
-0.400986622156
-0.485371972944
-0.400856348227
-0.485635943034
-0.400460078105
-0.486174794466
-0.399781156406
-0.487011577479
-0.398789557258
-0.488184440886
-0.397437923538
-0.489751927512
-0.395654578986
-0.491802217279
-0.393331319546
-0.494469474583
-0.390301450446
-0.497964034752
-0.386298066471
-0.502632028867
-0.380868257869
-0.509085421105
-0.37317458794
-0.518517099065
-0.361477601015
-0.533666121706
-0.341323010554
-0.562747601147
-0.296098183479
-0.651881675815
