-0.65187933407
-0.296100149964
-0.562744752371
-0.341320599346
-0.533664900375
-0.361475495756
-0.518521556032
-0.37317302352
-0.509091149485
-0.380863760093
-0.502638804811
-0.386293086691
-0.497970135577
-0.390296564871
-0.494474547194
-0.393326924759
-0.491806244981
-0.395650833392
-0.48975511606
-0.397434751451
-0.488187148828
-0.398786707299
-0.487014241263
-0.399778295063
-0.486177823052
-0.400456941112
-0.485639539041
-0.400853009095
-0.485375823834
-0.400983958452
-0.485374897028
-0.400857021463
-0.485635719578
-0.400468550079
-0.486186267913
-0.399764786175
-0.486998047974
-0.398774884538
-0.488197031549
-0.397458984193
-0.489744971835
-0.395646920129
-0.491817251934
-0.393304803525
-0.494498814618
-0.390266708641
-0.497999612862
-0.386262020964
-0.502668293245
-0.38083533875
-0.509117515151
-0.373149439724
-0.518543027692
-0.361457865566
-0.533680634002
-0.341309290243
-0.562754580547
-0.296094940343
-0.651883699814
