-0.651879320086
-0.296100166727
-0.562744716137
-0.341320641568
-0.533664830989
-0.361475575133
-0.518521439071
-0.373173155826
-0.509090965572
-0.380863966602
-0.502638527877
-0.386293396033
-0.497969730596
-0.390297015432
-0.494473967279
-0.393327567639
-0.491805427842
-0.395651735656
-0.489753980225
-0.397435998509
-0.488185591283
-0.398788400766
-0.487012141585
-0.399780535593
-0.486175068517
-0.400459767488
-0.485636109939
-0.400856216968
-0.485372038413
-0.400986608143
-0.485371990308
-0.400856328879
-0.485635967047
-0.400460051263
-0.486174827874
-0.399781118894
-0.487011624375
-0.398789504262
-0.488184507565
-0.397437847452
-0.48975202411
-0.395654467065
-0.491802361164
-0.393331148644
-0.494469697928
-0.390301174148
-0.497964400601
-0.386297585385
-0.502632625151
-0.380867438711
-0.509085473878
-0.373175308125
-0.518518095716
-0.361476769965
-0.533665305287
-0.341321063657
-0.562748127686
-0.296099056596
-0.651882352582
