-0.651879359541
-0.296100119431
-0.562744818368
-0.341320522439
-0.533665026761
-0.361475351166
-0.518521769089
-0.373172782486
-0.509091484544
-0.380863383782
-0.502639309482
-0.386292522694
-0.497970874032
-0.390295742522
-0.494475605893
-0.393325748877
-0.491807740331
-0.395649176054
-0.489757204479
-0.397432441543
-0.48819003946
-0.398783518412
-0.487018210381
-0.399773935364
-0.486183223612
-0.400451062394
-0.485646758482
-0.40084534896
-0.485384694005
-0.400975760881
-0.485377295615
-0.400853029167
-0.485644543014
-0.400459294622
-0.48618516816
-0.399779826801
-0.487019015873
-0.398788547248
-0.48819160007
-0.397414974347
-0.489778138577
-0.395616102722
-0.491841608077
-0.393285398162
-0.494514957473
-0.390254230085
-0.498010344276
-0.386253862785
-0.502675431815
-0.380830030379
-0.509122189359
-0.373146081992
-0.51854597995
-0.361455863442
-0.533682379812
-0.341308228256
-0.562755490954
-0.296094519216
-0.651884051
