-0.651883184052
-0.296095570925
-0.562754634368
-0.341309352828
-0.533683282213
-0.361455693165
-0.518550289103
-0.373145013128
-0.509128956576
-0.380834692854
-0.502687589592
-0.386243294961
-0.498013111166
-0.390238268675
-0.49453700221
-0.393286207713
-0.491858321456
-0.395586033055
-0.489829775021
-0.39734325622
-0.488285821521
-0.398670556794
-0.487134955486
-0.399640462937
-0.486317700454
-0.400301067549
-0.485795088011
-0.400683176153
-0.485543241136
-0.400804225949
-0.485550536813
-0.400670144004
-0.485816804601
-0.400276097406
-0.486352757209
-0.39960581148
-0.48717946865
-0.398628151337
-0.488337626313
-0.397293398906
-0.489888216013
-0.395528068036
-0.491921059079
-0.393222852343
-0.494571264854
-0.390210500082
-0.498049605688
-0.38622388701
-0.502702249376
-0.380810039986
-0.509139985318
-0.373133283227
-0.518557291591
-0.361448188332
-0.533689087918
-0.341304146868
-0.562758993149
-0.296092899103
-0.651885402473
