-0.651879323284
-0.296100162894
-0.562744724424
-0.341320631912
-0.533664846858
-0.361475556978
-0.518521465822
-0.373173125562
-0.509091007643
-0.380863919349
-0.50263859125
-0.386293325201
-0.49796982334
-0.390296912125
-0.494474100286
-0.393327419835
-0.491805615827
-0.395651527097
-0.489754243101
-0.397435707181
-0.488185956044
-0.398787996809
-0.487012644906
-0.399779978474
-0.486175760288
-0.400459002235
-0.485637057978
-0.40085516946
-0.485373334344
-0.400985180143
-0.485373755564
-0.400854396088
-0.485638353629
-0.400457478462
-0.486177978304
-0.39977788023
-0.487015218226
-0.398786791593
-0.488181975464
-0.397440441531
-0.48975013148
-0.395660719569
-0.491803320377
-0.393339403789
-0.494469481777
-0.390305150736
-0.497965073786
-0.386290864644
-0.502642417632
-0.380854969119
-0.509100020129
-0.373162065227
-0.518531864345
-0.361465445016
-0.533674008354
-0.341313321956
-0.562751120742
-0.296096540881
-0.651882364639
