-0.651881395634
-0.296097681544
-0.562750086735
-0.341314404447
-0.5336750736
-0.361463954527
-0.518538530245
-0.373154185968
-0.509117204914
-0.380835750749
-0.502675664648
-0.386256319707
-0.49801127921
-0.390261927152
-0.494521983745
-0.393285386439
-0.491858308484
-0.395603027601
-0.489813107126
-0.397393263366
-0.488235341979
-0.398716371855
-0.487092113299
-0.399675614128
-0.486285595557
-0.400326980582
-0.485771629673
-0.400702071074
-0.485526192263
-0.400817961223
-0.48553815542
-0.400680119473
-0.485807812633
-0.400283336933
-0.486346229753
-0.399611058394
-0.487174736511
-0.3986319439
-0.488334205761
-0.39729612789
-0.48988575562
-0.395530018403
-0.491919302187
-0.393224232783
-0.494570023188
-0.390211463973
-0.498048740658
-0.386224547378
-0.502701658705
-0.380810480268
-0.509139593405
-0.373133565085
-0.518557042495
-0.361448357347
-0.533688940201
-0.341304236743
-0.562758916029
-0.296092934779
-0.651885372713
