-0.651886382069
-0.296091890637
-0.562762507966
-0.341301464149
-0.533694050371
-0.361451220353
-0.518558337503
-0.373137756679
-0.509132945545
-0.380818442626
-0.502689794295
-0.386244365422
-0.498026263031
-0.390238158884
-0.494540981703
-0.393254445541
-0.491886348798
-0.395561041872
-0.489851470522
-0.397325814379
-0.488301112064
-0.398658386826
-0.487145717174
-0.399631873517
-0.486325342689
-0.400294945028
-0.485800558926
-0.400678780773
-0.485547180889
-0.400801055319
-0.485553385166
-0.400667850294
-0.48581886851
-0.40027443615
-0.486354253687
-0.399604608732
-0.487180552876
-0.398627282443
-0.488338409783
-0.397292773859
-0.48988877947
-0.395527621389
-0.491921461392
-0.393222536236
-0.494571549173
-0.390210279369
-0.49804980376
-0.386223735802
-0.502702384624
-0.380809939172
-0.509140075055
-0.373133218689
-0.518557348628
-0.361448149632
-0.533689121741
-0.341304126289
-0.562759010807
-0.296092890935
-0.651885409287
