-0.651879320077
-0.296100166738
-0.562744716115
-0.341320641595
-0.533664830946
-0.361475575182
-0.518521438999
-0.373173155909
-0.509090965458
-0.38086396673
-0.502638527706
-0.386293396225
-0.497969730345
-0.390297015712
-0.494473966918
-0.39332756804
-0.491805427332
-0.395651736221
-0.489753979512
-0.3974359993
-0.488185590293
-0.398788401863
-0.487012140218
-0.399780537108
-0.486175066635
-0.400459769574
-0.485636107353
-0.400856219836
-0.485372034861
-0.400986612087
-0.485371985422
-0.40085633431
-0.48563596031
-0.400460058759
-0.486174818556
-0.399781129266
-0.487011611439
-0.398789518635
-0.488184489564
-0.397437867316
-0.489751999116
-0.39565449414
-0.491802326984
-0.393331183889
-0.494469653595
-0.39030121355
-0.497964352575
-0.386297604474
-0.502632601894
-0.380867361593
-0.509085318307
-0.373175135828
-0.518517675632
-0.361477847211
-0.533665988822
-0.341322308392
-0.562748302543
-0.296098881865
-0.651880800622
