-0.651883305971
-0.296095410798
-0.562754987458
-0.341308837908
-0.533684171128
-0.361454224603
-0.518552499285
-0.373141277127
-0.509130299393
-0.380831010528
-0.502684845176
-0.386250524891
-0.498021007366
-0.390245559194
-0.494534065104
-0.393277847493
-0.491862935954
-0.395582028887
-0.48983203373
-0.397341563523
-0.488286849068
-0.398669788694
-0.487135467115
-0.399640073118
-0.486317985472
-0.400300846087
-0.485795262919
-0.400683038198
-0.485543356182
-0.400804134326
-0.485550615883
-0.400670080694
-0.485816860345
-0.400276052674
-0.486352797042
-0.399605779517
-0.487179497289
-0.398628128405
-0.488337646925
-0.397293382469
-0.489888230807
-0.395528056312
-0.49192106963
-0.393222844053
-0.494571272306
-0.390210494297
-0.498049610878
-0.386223883048
-0.502702252919
-0.380810037344
-0.509139987669
-0.373133281536
-0.518557293086
-0.361448187318
-0.533689088804
-0.341304146329
-0.562758993612
-0.296092898889
-0.651885402652
