-0.651879320017
-0.296100166809
-0.56274471596
-0.341320641774
-0.533664830651
-0.36147557552
-0.5185214385
-0.373173156472
-0.509090964675
-0.380863967611
-0.502638526525
-0.386293397544
-0.497969728617
-0.390297017636
-0.494473964441
-0.393327570793
-0.49180542383
-0.395651740106
-0.489753974616
-0.397436004724
-0.488185583502
-0.39878840938
-0.487012130853
-0.399780547464
-0.486175053779
-0.400459783771
-0.485636089774
-0.400856239194
-0.485372010934
-0.400986638279
-0.485371953103
-0.400856369243
-0.485635917318
-0.400460103958
-0.486174763268
-0.399781183725
-0.487011545993
-0.398789572177
-0.488184429196
-0.397437881943
-0.489751992057
-0.395654371985
-0.491802359724
-0.393331061114
-0.494466745633
-0.390302927479
-0.497960733528
-0.386302868938
-0.502633215516
-0.380876419141
-0.509086749646
-0.373179032645
-0.518517633727
-0.361476116153
-0.533664834957
-0.341319002739
-0.562746278643
-0.296098786995
-0.651880495259
