-0.651879364257
-0.296100113779
-0.562744830586
-0.341320508209
-0.533665050144
-0.361475324449
-0.518521808447
-0.373172738085
-0.509091546225
-0.380863314922
-0.502639401695
-0.386292420931
-0.497971006853
-0.39029559841
-0.494475790182
-0.393325555005
-0.491807983334
-0.395648936738
-0.4897574962
-0.397432200605
-0.48819031411
-0.398783435005
-0.48701824226
-0.399774484648
-0.48618236007
-0.400453539904
-0.485643365581
-0.400852850484
-0.485376758426
-0.400991222689
-0.485390210622
-0.400833818567
-0.485627824102
-0.400438203306
-0.486194722238
-0.399799933886
-0.487007798361
-0.398773217116
-0.48820925046
-0.397396562655
-0.489796235291
-0.395601007246
-0.491855744916
-0.393274149725
-0.494525265833
-0.390246197072
-0.49801761963
-0.386248300931
-0.502680428946
-0.380826303387
-0.509125514038
-0.373143690341
-0.518548095737
-0.36145442771
-0.53368363519
-0.341307464423
-0.562756146507
-0.296094215954
-0.651884303991
