-0.651879893427
-0.296099479653
-0.562746201174
-0.341318912613
-0.53366767175
-0.361472332327
-0.518526215064
-0.373167779291
-0.509098430719
-0.380855670974
-0.502649624062
-0.386281270048
-0.497985516817
-0.39028024461
-0.494495291903
-0.393306172213
-0.491831955296
-0.395628501504
-0.48978286325
-0.397418324624
-0.488228628248
-0.398742852491
-0.487034248078
-0.399732481924
-0.486225638823
-0.400455033427
-0.485654133676
-0.400806457418
-0.485432595367
-0.400894580347
-0.485469434748
-0.400735625494
-0.48575792434
-0.400323511555
-0.486310063464
-0.399640126997
-0.48714854154
-0.398652935951
-0.488315280999
-0.397311225632
-0.489872146865
-0.39554080582
-0.491909585991
-0.393231866963
-0.494563156871
-0.390216794178
-0.49804395728
-0.386228199011
-0.502698392518
-0.380812914862
-0.509137426295
-0.373135123638
-0.518555665102
-0.361449291922
-0.533688123392
-0.34130473371
-0.562758489591
-0.296093132049
-0.651885208154
