-0.651884595347
-0.296093947261
-0.562758110752
-0.341305808443
-0.533688893765
-0.361451540168
-0.518555776823
-0.373146101978
-0.509135347876
-0.380819118189
-0.502680975983
-0.386238804592
-0.498028367695
-0.390251970947
-0.49452944343
-0.393264842938
-0.49187762584
-0.395567990663
-0.489845501633
-0.397330523969
-0.488296998506
-0.398661648796
-0.487142837331
-0.399634170137
-0.48632330093
-0.400296580394
-0.485799098188
-0.400679954249
-0.485546129271
-0.400801901611
-0.485552624975
-0.400668462447
-0.485818317717
-0.400274879485
-0.486353854338
-0.399604929695
-0.487180263546
-0.398627514311
-0.488338200713
-0.397292940654
-0.489888629111
-0.395527740577
-0.491921354035
-0.393222620589
-0.494571473302
-0.390210338266
-0.498049750905
-0.386223776152
-0.502702348533
-0.380809966074
-0.509140051109
-0.373133235911
-0.518557333408
-0.361448159959
-0.533689112715
-0.341304131781
-0.562759006095
-0.296092893115
-0.651885407469
