-0.651882225251
-0.296096692103
-0.562752223398
-0.341311952322
-0.533679090679
-0.361459532793
-0.518544982935
-0.373147560067
-0.509125984665
-0.380828560317
-0.502679920863
-0.386258533177
-0.498017869275
-0.390253547039
-0.494527090476
-0.393276519517
-0.49186623938
-0.39560471747
-0.48980844776
-0.397363993302
-0.488265797761
-0.398687115649
-0.487119652159
-0.399652809426
-0.486306474883
-0.400310096017
-0.485786931498
-0.400689740311
-0.485537324205
-0.400808991665
-0.485546243017
-0.400673603117
-0.485813687335
-0.400278607047
-0.486350494716
-0.399607630087
-0.487177828581
-0.398629465754
-0.488336440869
-0.397294344672
-0.489887363347
-0.395528743948
-0.491920450223
-0.393223330738
-0.494570834554
-0.390210834118
-0.498049305912
-0.38622411586
-0.502702044679
-0.380810192565
-0.509139849501
-0.373133380904
-0.518557205267
-0.361448246904
-0.533689036727
-0.341304178014
-0.562758966423
-0.296092911467
-0.65188539216
