-0.65187932132
-0.296100165247
-0.562744719336
-0.341320637841
-0.533664837115
-0.361475568124
-0.518521449398
-0.373173144143
-0.509090981814
-0.38086394836
-0.502638552342
-0.386293368688
-0.497969766401
-0.390296975548
-0.494474018629
-0.393327510572
-0.491805500423
-0.395651655121
-0.489754081737
-0.397435885985
-0.488185732179
-0.39878824466
-0.487012336113
-0.399780320088
-0.486175336169
-0.400459470915
-0.485636477512
-0.400855809533
-0.485372542903
-0.400986048796
-0.485372682914
-0.400855561217
-0.485636918449
-0.400458999041
-0.486176133334
-0.399779686683
-0.487013387876
-0.398787639742
-0.488186511097
-0.397436381721
-0.489748785853
-0.395657269082
-0.491799163064
-0.393337619039
-0.494469877814
-0.390310287282
-0.497964206076
-0.386301866345
-0.502633045761
-0.380863579058
-0.509092438062
-0.373167727697
-0.518526884712
-0.36146884659
-0.533671042372
-0.341315128493
-0.562749572127
-0.296097257373
-0.651881767157
