-0.651880201172
-0.296099111122
-0.562746997607
-0.341317987308
-0.533669191404
-0.361470606497
-0.518528753901
-0.373164954498
-0.509102341772
-0.380851436317
-0.502655250587
-0.386275470796
-0.497992946998
-0.390273400798
-0.494503681321
-0.393300767433
-0.491838896582
-0.395629427597
-0.489801388317
-0.397386350242
-0.488214459643
-0.398735207454
-0.487068669445
-0.399767891975
-0.486200808921
-0.400403992382
-0.485702820846
-0.400758519847
-0.485475707065
-0.400858739616
-0.485501577537
-0.400709591435
-0.485781316239
-0.400304664835
-0.48632702624
-0.399626492116
-0.487160827059
-0.398643090564
-0.48832415625
-0.397304145191
-0.489878528798
-0.395535746994
-0.491914142382
-0.393228286936
-0.494566376783
-0.390214294618
-0.498046200399
-0.386226486613
-0.502699924161
-0.380811773186
-0.509138442536
-0.373134392772
-0.518556311014
-0.361448853664
-0.533688506425
-0.341304500663
-0.562758689564
-0.296093039542
-0.651885285322
