-0.651879320374
-0.296100166382
-0.562744716884
-0.341320640698
-0.53366483242
-0.361475573496
-0.518521441482
-0.373173153098
-0.509090969364
-0.380863962343
-0.50263853359
-0.386293389648
-0.497969738956
-0.390297006119
-0.49447397927
-0.393327554313
-0.491805444791
-0.395651716847
-0.489754003934
-0.397435972223
-0.488185624199
-0.398788364279
-0.487012187057
-0.399780485173
-0.486175131152
-0.400459697969
-0.485636196139
-0.400856121114
-0.485372157202
-0.40098647563
-0.485372154658
-0.400856144576
-0.485636196181
-0.400459792078
-0.486175151562
-0.399780747569
-0.487012091136
-0.398788958054
-0.488185189911
-0.397437047042
-0.489752811576
-0.395653877147
-0.491798987936
-0.393333638573
-0.49446589201
-0.39030728037
-0.497964494125
-0.386306948329
-0.50263305369
-0.380871695537
-0.50908577253
-0.373173752276
-0.518521664777
-0.361472532925
-0.533667847724
-0.341317085417
-0.56274789894
-0.296098032165
-0.651881121635
