-0.651879327497
-0.296100157843
-0.56274473534
-0.341320619191
-0.533664867763
-0.361475533064
-0.51852150106
-0.373173085701
-0.509091063052
-0.380863857134
-0.502638674681
-0.386293232012
-0.497969945339
-0.390296776411
-0.494474274958
-0.39332722624
-0.491805861882
-0.395651255529
-0.48975458493
-0.397435332207
-0.488186424267
-0.398787488621
-0.487013274692
-0.399779308879
-0.486176582654
-0.4004581652
-0.485638070945
-0.400854241821
-0.485374418933
-0.400984490418
-0.485374448224
-0.400854970657
-0.485637321839
-0.400462034383
-0.486172947109
-0.399790570152
-0.487020194367
-0.398775739771
-0.488169560763
-0.397426232216
-0.489761755425
-0.395675777578
-0.491794770784
-0.393326488091
-0.494481434461
-0.390280496739
-0.497988054131
-0.386270829359
-0.502660695958
-0.380840984482
-0.509112580569
-0.37315298228
-0.518539924034
-0.361459969687
-0.533678802215
-0.341310404382
-0.562753626068
-0.296095381839
-0.651883331727
