-0.651880773236
-0.296098425814
-0.562748478726
-0.341316264686
-0.533672021157
-0.361467384401
-0.518533496762
-0.373159646017
-0.509109702176
-0.380843363598
-0.502665998222
-0.386264105514
-0.498007262912
-0.390259978698
-0.494513946097
-0.393293828146
-0.491851535727
-0.395612482085
-0.489804667553
-0.397391253315
-0.488240946818
-0.398751101301
-0.487056031755
-0.399710523223
-0.4862526812
-0.400354355374
-0.485746512175
-0.40072243971
-0.485507695625
-0.400832890536
-0.485524654546
-0.40069100382
-0.485797985329
-0.400291251096
-0.486339087987
-0.399616799818
-0.487169556111
-0.398636095976
-0.488330460111
-0.397299116337
-0.489883060984
-0.395532154487
-0.491917377884
-0.393225744774
-0.494568663155
-0.390212519755
-0.498047793146
-0.386225270713
-0.502701011707
-0.380810962538
-0.509139164117
-0.373133873822
-0.518556769642
-0.36144854248
-0.533688778396
-0.341304335189
-0.562758831554
-0.296092973857
-0.651885340115
