-0.651879326892
-0.296100158568
-0.562744733773
-0.341320621018
-0.533664864761
-0.361475536496
-0.518521496003
-0.373173091417
-0.509091055108
-0.380863866038
-0.502638662746
-0.386293245295
-0.497969927966
-0.390296795594
-0.494474250315
-0.393327253145
-0.491805827821
-0.395651291988
-0.489754539412
-0.397435379033
-0.488186366827
-0.398787542519
-0.487013210732
-0.399779353859
-0.486176535312
-0.40045814936
-0.48563811309
-0.400854015508
-0.485374757994
-0.400983643229
-0.485375643703
-0.400852417559
-0.485640744251
-0.400455185462
-0.486180323611
-0.39977681784
-0.487010336046
-0.39879135886
-0.488184527274
-0.397443255988
-0.4897544459
-0.39566124194
-0.491802875426
-0.39333447134
-0.494471104848
-0.390291221264
-0.497977196369
-0.386279582475
-0.502652449331
-0.380847214403
-0.509106902058
-0.373157082407
-0.518536261016
-0.361462458392
-0.533676616678
-0.341311734721
-0.562752482291
-0.296095911019
-0.651882890003
