-0.65187934529
-0.296100136515
-0.562744781442
-0.341320565471
-0.533664956044
-0.361475432078
-0.518521649861
-0.373172917403
-0.509091296988
-0.380863594535
-0.502639026807
-0.386292838925
-0.497970459876
-0.390296204692
-0.494475010578
-0.393326412826
-0.491806895101
-0.39565012045
-0.489756011949
-0.397433781253
-0.488188356133
-0.398785431063
-0.487015811448
-0.399776718542
-0.486179727921
-0.40045525947
-0.485641490959
-0.400851960573
-0.485376890312
-0.400985537455
-0.485373919509
-0.40086322786
-0.485650610818
-0.400440821286
-0.486163511456
-0.399763103142
-0.48702751531
-0.398809804924
-0.488178764567
-0.397426453184
-0.48977122105
-0.395621354406
-0.491838216872
-0.393287933106
-0.494513164959
-0.390255573738
-0.498009309585
-0.386254636587
-0.502674797502
-0.380830498125
-0.509121791558
-0.373146366615
-0.518545733938
-0.361456029989
-0.533682235716
-0.341308315851
-0.562755416105
-0.296094553832
-0.651884022164
