-0.651879343232
-0.296100138981
-0.562744776112
-0.341320571679
-0.533664945842
-0.361475443737
-0.518521632685
-0.37317293679
-0.509091270053
-0.380863624637
-0.502638986485
-0.386292883526
-0.49797040163
-0.390296268196
-0.494474929265
-0.393326499269
-0.49180678644
-0.395650230143
-0.489755877245
-0.397433900994
-0.488188215906
-0.398785507112
-0.487015742725
-0.399776584214
-0.486179963418
-0.40045444501
-0.485642671612
-0.400849216534
-0.485380586535
-0.400977909559
-0.485382031935
-0.400847952354
-0.48563861159
-0.400458940282
-0.486180135135
-0.39978300616
-0.487018782094
-0.39879148811
-0.488188831004
-0.397438696503
-0.489756697989
-0.395636559049
-0.491823138128
-0.393300422376
-0.494501439167
-0.39026479583
-0.498000863162
-0.3862611102
-0.50266895004
-0.380834863031
-0.509117887923
-0.373149175649
-0.518543245973
-0.361457718485
-0.533680758549
-0.341309214674
-0.562754644533
-0.296094910769
-0.651883724373
