-0.651879494558
-0.296099957587
-0.562745168196
-0.341320114823
-0.533665696608
-0.36147458501
-0.518522897981
-0.373171506004
-0.509093258756
-0.380861393288
-0.502641978227
-0.386289546935
-0.497974768075
-0.390291425861
-0.494481156721
-0.393319640063
-0.491815490231
-0.395640743928
-0.489767776384
-0.397421183314
-0.488203952421
-0.398769404635
-0.487034857788
-0.399759697616
-0.486192148415
-0.400446414373
-0.485657534946
-0.400843440931
-0.485395983276
-0.400971660294
-0.485394241998
-0.40084708229
-0.485651286282
-0.400417551924
-0.486223135609
-0.399711353726
-0.487083544672
-0.398705274142
-0.488267801033
-0.397349159529
-0.489837845539
-0.395568010718
-0.491885043048
-0.393251155311
-0.494545794402
-0.390230273839
-0.498031855544
-0.38623743796
-0.50269012711
-0.380819075991
-0.50913194154
-0.373139068234
-0.51855217885
-0.361451657392
-0.533686055956
-0.341305991592
-0.562757410217
-0.296093631366
-0.651884791631
