-0.65187945203
-0.296100008571
-0.562745057992
-0.341320243274
-0.533665485506
-0.361474826658
-0.518522541861
-0.373171909408
-0.509092697819
-0.380862025019
-0.502641130449
-0.38629049973
-0.497973518811
-0.390292832842
-0.494479340204
-0.39332170248
-0.491812852857
-0.395643790547
-0.489763898598
-0.39742580117
-0.488198104135
-0.398776659337
-0.487026205104
-0.39977038765
-0.486187932018
-0.400457260167
-0.485663125121
-0.400825516695
-0.485373662924
-0.400955439014
-0.485402587362
-0.400869560799
-0.485636822577
-0.400430701287
-0.486214533261
-0.399718074984
-0.487078793522
-0.398708951228
-0.488264982675
-0.397351355311
-0.489836051407
-0.395569413403
-0.49188384753
-0.39325208768
-0.494544980214
-0.390230903466
-0.498031299053
-0.386237861982
-0.502689750729
-0.38081935629
-0.509131692963
-0.373139246934
-0.518552021197
-0.361451764343
-0.533685962556
-0.341306048415
-0.562757361473
-0.296093653915
-0.651884772824
