-0.651886318871
-0.296092083914
-0.562762020521
-0.34130273909
-0.533693347191
-0.36145243522
-0.518559227533
-0.373135666446
-0.509130549775
-0.380815971753
-0.502690527905
-0.386247198344
-0.498024758669
-0.39023940265
-0.49454029087
-0.393254951148
-0.491886040869
-0.395561269066
-0.489851316908
-0.397325930542
-0.488301025623
-0.398658453668
-0.487145663646
-0.399631915592
-0.486325307305
-0.400294973144
-0.485800534565
-0.400678800259
-0.485547163708
-0.400801069114
-0.485553372881
-0.400667860175
-0.485818859659
-0.40027444327
-0.486354247289
-0.399604613872
-0.487180548248
-0.398627286151
-0.488338406441
-0.397292776525
-0.489888777068
-0.395527623293
-0.491921459678
-0.393222537584
-0.494571547961
-0.39021028031
-0.498049802916
-0.386223736446
-0.502702384048
-0.380809939602
-0.509140074673
-0.373133218964
-0.518557348385
-0.361448149797
-0.533689121597
-0.341304126377
-0.562759010732
-0.29609289097
-0.651885409258
