-0.65187932374
-0.296100162347
-0.562744725605
-0.341320630536
-0.53366484912
-0.361475554391
-0.518521469635
-0.37317312125
-0.509091013636
-0.380863912624
-0.502638600267
-0.386293315142
-0.497969836505
-0.390296897516
-0.494474119076
-0.393327399114
-0.491805642127
-0.395651498361
-0.489754279175
-0.397435668408
-0.488186004194
-0.398787946722
-0.487012706248
-0.39977991918
-0.486175831076
-0.400458946669
-0.485637119298
-0.400855161677
-0.485373324083
-0.400985349873
-0.485373493301
-0.400855104057
-0.485637345529
-0.400459690935
-0.486174994585
-0.399783945201
-0.487008627245
-0.398799260476
-0.488190548795
-0.397426352548
-0.489736632026
-0.395645495854
-0.491809867687
-0.393351934167
-0.494462436196
-0.390298566527
-0.497973974583
-0.386281785574
-0.502651677768
-0.380847684984
-0.509106871845
-0.373157073013
-0.518536385334
-0.361462366115
-0.533676728074
-0.341311665336
-0.562752548427
-0.296095880228
-0.651882916548
