-0.65188839961
-0.296089928345
-0.56276583649
-0.34130261252
-0.533694511687
-0.361447177621
-0.518557077897
-0.373134352907
-0.509134900038
-0.38081878195
-0.502690256734
-0.386241609272
-0.498029163173
-0.390235585522
-0.49454338418
-0.393252535181
-0.491888073188
-0.395559685429
-0.489852682328
-0.397324857083
-0.488301965428
-0.39865770877
-0.487146322132
-0.39963139045
-0.486325774492
-0.400294598922
-0.485800868946
-0.400678531624
-0.485547404493
-0.400800875337
-0.48555354696
-0.400667719993
-0.485818985796
-0.400274341742
-0.486354338746
-0.399604540366
-0.487180614511
-0.398627233049
-0.488338454323
-0.397292738325
-0.489888811503
-0.395527595996
-0.491921484265
-0.393222518265
-0.494571565337
-0.390210266821
-0.498049815021
-0.386223727205
-0.502702392314
-0.38080993344
-0.509140080157
-0.37313321502
-0.518557351871
-0.361448147432
-0.533689123664
-0.341304125119
-0.562759011811
-0.29609289047
-0.651885409675
