-0.651879321685
-0.29610016481
-0.562744720282
-0.341320636738
-0.533664838927
-0.361475566051
-0.518521452453
-0.373173140688
-0.509090986616
-0.380863942968
-0.502638559573
-0.386293360612
-0.497969776973
-0.390296963789
-0.494474033763
-0.393327493805
-0.491805521732
-0.395651631619
-0.489754111315
-0.397435853584
-0.488185772623
-0.398788200886
-0.48701239032
-0.399780262787
-0.48617540643
-0.400459400327
-0.485636562601
-0.400855734339
-0.485372629679
-0.400986002931
-0.485372722992
-0.400855649808
-0.485636764621
-0.400459522791
-0.486175371134
-0.399781469235
-0.487010957658
-0.398792735529
-0.488180907581
-0.397447246952
-0.489755916281
-0.395644972335
-0.491787510212
-0.393324501434
-0.494475556017
-0.390320718716
-0.497958329413
-0.386296369243
-0.502640738671
-0.380855969762
-0.50910022104
-0.373161832598
-0.518532397997
-0.361465060205
-0.533674431729
-0.341313059774
-0.562751364401
-0.296096427605
-0.651882461567
