-0.651888251616
-0.296090379467
-0.562765279895
-0.341303067889
-0.533694621618
-0.361446955381
-0.518556468369
-0.373133817911
-0.509134970256
-0.380819741578
-0.502689631132
-0.386242113783
-0.498028809194
-0.390235849972
-0.49454318133
-0.393252689039
-0.491887947568
-0.395559782524
-0.489852599943
-0.39732492166
-0.488301909368
-0.398657753146
-0.487146283077
-0.399631421576
-0.486325746864
-0.400294621045
-0.485800849202
-0.400678547483
-0.485547390287
-0.400800886769
-0.485553536694
-0.40066772826
-0.485818978358
-0.400274347728
-0.486354333354
-0.3996045447
-0.487180610605
-0.39862723618
-0.488338451501
-0.397292740577
-0.489888809473
-0.395527597605
-0.491921482816
-0.393222519404
-0.494571564313
-0.390210267616
-0.498049814308
-0.38622372775
-0.502702391827
-0.380809933804
-0.509140079834
-0.373133215252
-0.518557351665
-0.361448147571
-0.533689123542
-0.341304125194
-0.562759011748
-0.2960928905
-0.65188540965
