-0.651879320644
-0.296100166058
-0.562744717585
-0.341320639882
-0.533664833761
-0.361475571961
-0.518521443744
-0.37317315054
-0.509090972921
-0.380863958349
-0.502638538946
-0.386293383663
-0.497969746792
-0.390296997396
-0.494473990498
-0.393327541849
-0.491805460638
-0.395651699305
-0.489754026032
-0.39743594784
-0.488185654693
-0.398788330798
-0.48701222868
-0.399780439868
-0.486175187154
-0.400459638044
-0.485636269707
-0.40085604517
-0.48537224938
-0.400986388183
-0.485372258033
-0.400856069003
-0.485636276816
-0.400459806803
-0.486175098554
-0.399781086275
-0.487011579419
-0.398790280721
-0.488183358435
-0.397441057326
-0.489748332088
-0.395662849446
-0.491804536033
-0.39332343791
-0.494456418767
-0.39029660179
-0.497969162878
-0.386315196498
-0.502628434279
-0.380867110936
-0.509092321179
-0.373167580199
-0.51852795503
-0.361468053411
-0.533671986456
-0.341314540556
-0.562750130522
-0.296096997423
-0.651881991026
