-0.651879385489
-0.296100088327
-0.562744885601
-0.341320444095
-0.533665155508
-0.361475203888
-0.518521986104
-0.373172537021
-0.509091825748
-0.380863000722
-0.502639823154
-0.386291949115
-0.497971624878
-0.390294907776
-0.494476680093
-0.393324559773
-0.491809251186
-0.395647512632
-0.489759296916
-0.397430157509
-0.48819288766
-0.398780458469
-0.487021990256
-0.39977000797
-0.486187985139
-0.400446531898
-0.485651653547
-0.400842561805
-0.485380523241
-0.400980618864
-0.485384261784
-0.400852317149
-0.485650052768
-0.400454889783
-0.486186112576
-0.399777983048
-0.487021462798
-0.398760894936
-0.488216971573
-0.397390621452
-0.489800246492
-0.395597959651
-0.491857990772
-0.393272435777
-0.494526627478
-0.390245157817
-0.498018489244
-0.386247642991
-0.502680996156
-0.380825882457
-0.509125881891
-0.373143426327
-0.518548327029
-0.361454270915
-0.533683771689
-0.341307381402
-0.56275621763
-0.296094183056
-0.651884331419
