-0.65187932002
-0.296100166806
-0.562744715967
-0.341320641767
-0.533664830663
-0.361475575506
-0.518521438521
-0.373173156448
-0.509090964708
-0.380863967573
-0.502638526575
-0.386293397488
-0.49796972869
-0.390297017555
-0.494473964545
-0.393327570677
-0.491805423977
-0.395651739944
-0.489753974819
-0.397436004503
-0.488185583777
-0.398788409085
-0.487012131218
-0.399780547088
-0.486175054237
-0.400459783335
-0.48563609029
-0.400856238812
-0.485372011344
-0.400986638325
-0.485371952879
-0.400856370817
-0.485635914922
-0.400460110141
-0.48617475439
-0.399781203036
-0.487011518639
-0.398789628159
-0.488184350212
-0.397438039079
-0.489751776861
-0.395654787122
-0.491801939456
-0.393331744009
-0.494468901932
-0.390302418211
-0.497962870224
-0.386300144559
-0.502632517757
-0.380864935756
-0.509081728154
-0.373175973683
-0.518520638094
-0.361483607788
-0.533664733554
-0.341319213303
-0.562747659964
-0.296098120972
-0.651881258103
