-0.651882082443
-0.296096868081
-0.562751840882
-0.341312433731
-0.533678285829
-0.36146061493
-0.518543331796
-0.373149997085
-0.509122606279
-0.380833679409
-0.502678059876
-0.386263617274
-0.498021334899
-0.390243961108
-0.494516282757
-0.393267137948
-0.491870289257
-0.395616013372
-0.489801931348
-0.397369737185
-0.488262399032
-0.398689702012
-0.487117994819
-0.399654067154
-0.486305590281
-0.400310778996
-0.485786408548
-0.400690150729
-0.485536989057
-0.400809257725
-0.485546016322
-0.400673784291
-0.485813528966
-0.400278734001
-0.486350382112
-0.399607720394
-0.487177747835
-0.398629530391
-0.488336382836
-0.397294390943
-0.489887321727
-0.395528776929
-0.491920420549
-0.39322335405
-0.494570813598
-0.390210850385
-0.498049291319
-0.386224127001
-0.502702034716
-0.380810199991
-0.509139842891
-0.373133385658
-0.518557201066
-0.361448249754
-0.533689034235
-0.34130417953
-0.562758965123
-0.296092912068
-0.651885391658
