-0.651879320183
-0.29610016661
-0.56274471639
-0.341320641274
-0.533664831473
-0.361475574579
-0.518521439886
-0.373173154904
-0.509090966855
-0.380863965162
-0.502638529809
-0.386293393874
-0.497969733422
-0.390297012285
-0.49447397133
-0.393327563141
-0.491805433561
-0.395651729319
-0.489753988209
-0.397435989686
-0.488185602322
-0.398788388606
-0.487012156714
-0.399780519022
-0.486175089035
-0.400459745254
-0.48563613733
-0.400856187926
-0.485372073936
-0.400986572232
-0.485372033618
-0.400856290062
-0.485636012084
-0.400460025937
-0.486174851078
-0.399781159626
-0.487011551377
-0.398789766737
-0.488184120432
-0.397438777563
-0.489750728935
-0.395657266893
-0.491799058278
-0.393337911479
-0.494470632186
-0.390295131788
-0.497953688407
-0.386294938878
-0.502636728368
-0.380882449185
-0.509083401854
-0.373175317861
-0.518522961881
-0.361471459082
-0.533669521941
-0.34131602491
-0.562748967724
-0.296097532732
-0.651881558956
