-0.651884680009
-0.296093804696
-0.562758443384
-0.341305125272
-0.533690093198
-0.361449128937
-0.518556719996
-0.373143759405
-0.509133492975
-0.380823750438
-0.502685957712
-0.38624371271
-0.49802659155
-0.390246533849
-0.494532322941
-0.39326239698
-0.491878948656
-0.395567015883
-0.489846065863
-0.397330108762
-0.488297261458
-0.398661451263
-0.487142975237
-0.399634064197
-0.486323381652
-0.400296517236
-0.485799149594
-0.400679913512
-0.485546163901
-0.400801873953
-0.485552649114
-0.400668443089
-0.485818334868
-0.400274865709
-0.486353866645
-0.399604919814
-0.487180272415
-0.398627507207
-0.488338207103
-0.397292935557
-0.489888633701
-0.39552773694
-0.49192135731
-0.393222618017
-0.494571475616
-0.39021033647
-0.498049752516
-0.386223774922
-0.502702349633
-0.380809965254
-0.509140051839
-0.373133235386
-0.518557333872
-0.361448159644
-0.53368911299
-0.341304131614
-0.562759006239
-0.296092893048
-0.651885407525
