-0.651881250932
-0.29609785667
-0.562749707491
-0.341314858806
-0.533674322454
-0.361464870522
-0.518537160416
-0.37315594423
-0.509114695467
-0.380839219841
-0.502671089399
-0.386262775137
-0.498008850743
-0.390268363572
-0.494525998822
-0.393273783627
-0.491844789167
-0.395591904747
-0.48981814625
-0.397407308772
-0.488226929171
-0.398723872376
-0.487087496985
-0.399679168601
-0.486283220839
-0.400328802789
-0.485770297724
-0.400703108689
-0.485525373456
-0.400818607784
-0.485537616482
-0.400680548783
-0.485807442158
-0.400283633366
-0.4863459687
-0.399611267544
-0.487174550225
-0.398632092941
-0.488334072219
-0.397296234338
-0.489885659975
-0.395530094186
-0.491919234041
-0.393224286315
-0.494569975081
-0.390211501314
-0.498048707162
-0.386224572947
-0.502701635839
-0.380810497312
-0.509139578235
-0.373133575994
-0.518557032854
-0.361448363888
-0.533688934483
-0.341304240222
-0.562758913044
-0.29609293616
-0.651885371561
