-0.651875406481
-0.296104746557
-0.562736631376
-0.341329619181
-0.533653596359
-0.361487633754
-0.518508740358
-0.373186552707
-0.509078531636
-0.380877138475
-0.50262758573
-0.386305823047
-0.4979600627
-0.390310987122
-0.494462827583
-0.393349593882
-0.491804571113
-0.395649791984
-0.489731395028
-0.397430824382
-0.48818605507
-0.398804128716
-0.487003471824
-0.399788322337
-0.486170783496
-0.400463133004
-0.485634149739
-0.400857695727
-0.485371123572
-0.400987267757
-0.485371582384
-0.400856569726
-0.48563584448
-0.400459975761
-0.486174900615
-0.39978066855
-0.487012029171
-0.398788490141
-0.488185513476
-0.397436060339
-0.489753925513
-0.395651778949
-0.491805389215
-0.393327597968
-0.494473940129
-0.390297036505
-0.497969711727
-0.386293410439
-0.502638515005
-0.380863976199
-0.509090957034
-0.373173161968
-0.518521433644
-0.361475578816
-0.53366482777
-0.341320643527
-0.562744714457
-0.296100167505
-0.651879319437
