-0.651876650498
-0.296103284459
-0.562739778711
-0.34132616863
-0.533659186077
-0.361482226256
-0.518516366683
-0.373181518332
-0.509084919915
-0.380880336346
-0.502635621129
-0.386295724532
-0.497952566265
-0.390295962033
-0.494469789058
-0.393338876514
-0.491797988022
-0.395658163654
-0.489749861754
-0.397439475999
-0.488183474594
-0.398790284524
-0.487011080793
-0.399781537536
-0.486174509895
-0.400460300594
-0.485635764648
-0.400856489634
-0.485371853863
-0.400986717371
-0.485371943142
-0.400856293546
-0.485636042085
-0.400459822097
-0.486175019701
-0.399780574846
-0.48701210633
-0.398788429038
-0.488185565832
-0.397436018828
-0.48975396192
-0.395651750175
-0.491805414765
-0.393327577919
-0.494473958032
-0.390297022614
-0.49796972415
-0.386293400956
-0.502638523473
-0.380863969886
-0.509090962649
-0.37317315793
-0.518521437212
-0.361475576394
-0.533664829887
-0.341320642239
-0.562744715561
-0.296100166994
-0.651879319863
