-0.651876763059
-0.296103135373
-0.562740107988
-0.341325680168
-0.533660031899
-0.361480801727
-0.518518511836
-0.373177843666
-0.509086129801
-0.380876777181
-0.502632654716
-0.38630326243
-0.497960331979
-0.390303353339
-0.494466306673
-0.39333152555
-0.491801895192
-0.395654755827
-0.489751634615
-0.397438168357
-0.48818416877
-0.398789780487
-0.487011358205
-0.399781334362
-0.486174627825
-0.400460212931
-0.48563581935
-0.400856448236
-0.485371882031
-0.400986695656
-0.485371959257
-0.400856280922
-0.485636052156
-0.400459814119
-0.4861750264
-0.399780569507
-0.487012110959
-0.398788425344
-0.488185569094
-0.39743601623
-0.489753964237
-0.39565174834
-0.491805416409
-0.393327576628
-0.494473959191
-0.390297021714
-0.497969724956
-0.38629340034
-0.502638524024
-0.380863969476
-0.509090963014
-0.373173157667
-0.518521437444
-0.361475576237
-0.533664830024
-0.341320642156
-0.562744715633
-0.29610016696
-0.651879319891
