-0.651875354729
-0.296104807553
-0.562736499981
-0.341329764544
-0.533653360198
-0.361487868543
-0.518508406265
-0.373186798963
-0.509078233025
-0.380877037047
-0.502627863567
-0.386304176322
-0.497962565851
-0.390304475534
-0.494470512701
-0.393333407317
-0.491796835731
-0.395665777789
-0.489748828654
-0.39744807555
-0.488179651007
-0.398796262777
-0.487005420403
-0.399781865108
-0.486175316518
-0.400459405838
-0.485636782426
-0.400855651346
-0.485372672277
-0.400986052062
-0.485372565202
-0.400855789169
-0.485636505306
-0.400459447507
-0.486175360851
-0.399780299829
-0.487012355743
-0.39878822876
-0.488185747035
-0.397435874066
-0.489754092677
-0.395651646422
-0.491805508332
-0.393327504347
-0.494474024256
-0.390296971175
-0.497969770335
-0.386293365682
-0.502638555034
-0.380863946353
-0.509090983602
-0.373173142856
-0.518521450536
-0.361475567352
-0.53366483779
-0.34132063743
-0.562744719689
-0.296100165084
-0.651879321456
