-0.65187523266
-0.296104953716
-0.56273618416
-0.34133013136
-0.533652757944
-0.361488552084
-0.518507401157
-0.373187915858
-0.509076687493
-0.380878705705
-0.502625648329
-0.386306441063
-0.497959684349
-0.39030701843
-0.494467799282
-0.393333924054
-0.491802911222
-0.395656631468
-0.489745550056
-0.397449175641
-0.488181058366
-0.398800412211
-0.487007051568
-0.39978872221
-0.486168303222
-0.400460962507
-0.485636601191
-0.400855556218
-0.485373020356
-0.400985750784
-0.485372919965
-0.400855496432
-0.485636799474
-0.400459207352
-0.486175588853
-0.39978011508
-0.487012526753
-0.398788091071
-0.488185872902
-0.397435773372
-0.489754184108
-0.395651573822
-0.49180557398
-0.393327452709
-0.4944740708
-0.390296935017
-0.497969802822
-0.386293340868
-0.502638577244
-0.380863929791
-0.50909099835
-0.373173132247
-0.518521459914
-0.361475560987
-0.533664843354
-0.341320634044
-0.562744722594
-0.29610016374
-0.651879322578
