-0.651875793791
-0.296104282939
-0.562737633092
-0.341328456778
-0.533655504622
-0.361485472922
-0.518511916931
-0.373183043952
-0.509083375312
-0.380872016775
-0.502634097426
-0.386300085194
-0.497961706635
-0.390311960292
-0.494467595314
-0.393339446661
-0.491797301456
-0.395659183969
-0.489746840597
-0.397438410365
-0.488184482965
-0.398789339382
-0.487011793917
-0.399780980341
-0.486174948138
-0.400459956247
-0.485636049804
-0.400856262712
-0.485372048723
-0.400986561151
-0.485372080298
-0.400856183203
-0.485636140209
-0.400459743087
-0.486175090465
-0.399780517929
-0.487012157502
-0.398788387996
-0.488185602798
-0.397435989314
-0.489753988517
-0.395651729078
-0.491805433768
-0.393327562979
-0.494473971472
-0.390297012176
-0.497969733519
-0.3862933938
-0.502638529875
-0.380863965113
-0.509090966898
-0.373173154873
-0.518521439914
-0.36147557456
-0.533664831489
-0.341320641264
-0.562744716398
-0.296100166606
-0.651879320186
