-0.651880791103
-0.296098896773
-0.562748297241
-0.341322308644
-0.533665988084
-0.361477847863
-0.518517675181
-0.373175136207
-0.509085317977
-0.380867361888
-0.50263260166
-0.386297604652
-0.497964352428
-0.390301213662
-0.494469653501
-0.393331183962
-0.491802326921
-0.395654494189
-0.489751999073
-0.39743786735
-0.488184489534
-0.398789518658
-0.487011611418
-0.399781129283
-0.486174818541
-0.400460058771
-0.4856359603
-0.400856334319
-0.485371985414
-0.400986612093
-0.485372034855
-0.400856219841
-0.485636107349
-0.400459769577
-0.486175066632
-0.39978053711
-0.487012140216
-0.398788401865
-0.488185590291
-0.397435999301
-0.489753979511
-0.395651736222
-0.491805427331
-0.39332756804
-0.494473966918
-0.390297015712
-0.497969730344
-0.386293396225
-0.502638527705
-0.380863966731
-0.509090965458
-0.373173155909
-0.518521438998
-0.361475575182
-0.533664830946
-0.341320641595
-0.562744716115
-0.296100166738
-0.651879320077
