-0.651874959351
-0.296105281234
-0.562735476368
-0.341330955398
-0.533651404336
-0.361490097397
-0.51850512591
-0.373190478102
-0.509073130907
-0.380882661718
-0.502620357473
-0.386312235587
-0.497952139142
-0.390315069398
-0.494457571292
-0.393344231356
-0.491790554681
-0.39566671216
-0.489740702501
-0.397449252611
-0.488173781535
-0.398800092511
-0.487001546826
-0.399790934266
-0.486165407482
-0.400469146725
-0.485627189706
-0.400864752745
-0.485363836998
-0.400994409013
-0.485364470162
-0.40086346269
-0.485629070667
-0.400466610154
-0.486168447566
-0.399787329385
-0.487005452824
-0.398795999906
-0.488177717033
-0.397446285857
-0.489743157373
-0.395667557544
-0.491799983613
-0.39332755673
-0.494452302599
-0.390300169976
-0.497965708711
-0.386315787887
-0.502626824458
-0.380873392232
-0.509085814687
-0.373176713563
-0.518519294197
-0.361476971663
-0.533663877121
-0.341321208791
-0.562744286737
-0.296100363719
-0.651879163228
