-0.651874960018
-0.296105280434
-0.562735478096
-0.341330953385
-0.533651407645
-0.361490093612
-0.518505131484
-0.373190471797
-0.509073139668
-0.380882651879
-0.502620370663
-0.386312220845
-0.497952158437
-0.390315047903
-0.494457598956
-0.393344200603
-0.491790593784
-0.395666668739
-0.489740757226
-0.397449191847
-0.488173857632
-0.398800007919
-0.487001652307
-0.399790816653
-0.486165553778
-0.400468982613
-0.485627393743
-0.400864521288
-0.485364125312
-0.400994075406
-0.485364887849
-0.400862962891
-0.485629702354
-0.400465813441
-0.486169468563
-0.399785945127
-0.487007242075
-0.398793380372
-0.488180842453
-0.397441641216
-0.489743568293
-0.39566202298
-0.491794552249
-0.393341815677
-0.494465706634
-0.39031390656
-0.497960518683
-0.386302869822
-0.502631152216
-0.380870094569
-0.509085740515
-0.373177000672
-0.518518104099
-0.361477846392
-0.533662862438
-0.34132183976
-0.562743691515
-0.296100640726
-0.651878925139
