-0.651874985013
-0.296105250474
-0.562735542846
-0.34133087794
-0.533651531594
-0.361489951835
-0.518505340321
-0.373190235592
-0.509073467872
-0.380882283384
-0.502620864614
-0.386311669085
-0.497952880494
-0.390314244409
-0.494458632783
-0.393343053819
-0.491792051121
-0.395665057343
-0.489742785851
-0.397446958114
-0.488176648878
-0.398796955265
-0.48700544228
-0.399786724289
-0.48617059916
-0.400463678523
-0.485633843499
-0.400858188825
-0.485371219274
-0.400989082068
-0.485363139634
-0.400866629578
-0.485630590754
-0.400472822526
-0.486170732343
-0.399792882757
-0.487004470505
-0.398793023621
-0.488183278393
-0.39743802666
-0.489752625869
-0.395652843279
-0.491804588556
-0.393328224821
-0.494473432036
-0.39029742758
-0.497969380179
-0.38629366208
-0.502638296457
-0.380864138614
-0.509090814549
-0.373173264305
-0.518521343819
-0.361475639732
-0.533664774692
-0.341320675817
-0.562744686783
-0.296100180307
-0.651879308762
