-0.651877639517
-0.296102118202
-0.562742294952
-0.341323389777
-0.533663648133
-0.361478086166
-0.518519401502
-0.373183139248
-0.509086618777
-0.380871740398
-0.502629675615
-0.38629853604
-0.497962178875
-0.390301407038
-0.494469209523
-0.393331497879
-0.491801905792
-0.395654838187
-0.489751641837
-0.397438155725
-0.488184214563
-0.398789739751
-0.487011407551
-0.399781293287
-0.48617466941
-0.400460178937
-0.485635851648
-0.400856421997
-0.485371906294
-0.400986675994
-0.485371977214
-0.400856266394
-0.485636065347
-0.400459803466
-0.486175036046
-0.399780561737
-0.487012117986
-0.398788419704
-0.488185574189
-0.397436012161
-0.48975396791
-0.395651745426
-0.491805419036
-0.393327574562
-0.49447396105
-0.39029702027
-0.497969726252
-0.38629339935
-0.502638524909
-0.380863968815
-0.509090963602
-0.373173157244
-0.518521437818
-0.361475575983
-0.533664830246
-0.341320642021
-0.562744715749
-0.296100166907
-0.651879319936
