-0.651875007431
-0.29610522361
-0.562735600901
-0.341330810357
-0.533651642607
-0.361489825126
-0.518505526872
-0.373190025609
-0.50907375931
-0.380881959544
-0.502621297607
-0.386311195861
-0.497953496367
-0.39031358983
-0.494459464955
-0.393342218192
-0.491793084429
-0.395664157357
-0.489743839931
-0.397446457697
-0.488177068109
-0.39879826335
-0.487003399807
-0.399793482042
-0.486163029324
-0.400481332243
-0.485638128167
-0.400849833358
-0.485346221152
-0.400979836044
-0.485374964808
-0.400877770423
-0.485623940286
-0.400470773331
-0.486168789475
-0.399785362972
-0.487009241884
-0.398790584615
-0.488184175226
-0.397437071197
-0.489753219904
-0.395652317114
-0.491804980021
-0.39332791192
-0.494473684933
-0.390297232014
-0.497969545788
-0.38629353627
-0.502638405661
-0.380864057447
-0.509090885737
-0.373173213175
-0.518521388692
-0.361475609301
-0.533664801206
-0.341320659688
-0.562744700606
-0.296100173912
-0.651879314094
