-0.651874959273
-0.296105281328
-0.562735476166
-0.341330955634
-0.533651403949
-0.361490097839
-0.518505125257
-0.37319047884
-0.509073129882
-0.380882662869
-0.502620355931
-0.386312237309
-0.49795213689
-0.390315071901
-0.494457568072
-0.393344234919
-0.491790550156
-0.395666717138
-0.489740696242
-0.397449259436
-0.488173773029
-0.398800101631
-0.487001535563
-0.399790945938
-0.486165393253
-0.400469160369
-0.485627173499
-0.400864765125
-0.48536382352
-0.400994409258
-0.485364474744
-0.400863418762
-0.485629138063
-0.400466432092
-0.486168703088
-0.39978676907
-0.487006239232
-0.398794382594
-0.488179911116
-0.397441905512
-0.489748072929
-0.395658202247
-0.491794763353
-0.393337428549
-0.494462262956
-0.390310516547
-0.497961340138
-0.386309639775
-0.502630385045
-0.380872523255
-0.509084406659
-0.373178436947
-0.518516989809
-0.361478663447
-0.533662186003
-0.341322256554
-0.5627433419
-0.296100802704
-0.651878791067
