-0.65187495901
-0.296105281642
-0.562735475486
-0.341330956426
-0.533651402648
-0.361490099328
-0.518505123065
-0.373190481319
-0.509073126436
-0.380882666738
-0.502620350743
-0.386312243106
-0.497952129303
-0.390315080351
-0.494457557197
-0.393344247004
-0.491790534791
-0.39566673419
-0.489740674755
-0.397449283263
-0.488173743199
-0.398800134711
-0.487001494341
-0.399790991688
-0.486165336416
-0.400469223569
-0.485627095106
-0.400864852607
-0.485363715016
-0.400994531112
-0.485364323358
-0.400863590667
-0.48562892365
-0.400466680251
-0.486168391328
-0.399787141506
-0.487005766237
-0.398794975003
-0.488179157485
-0.397442894341
-0.489747010995
-0.395659405904
-0.491797269318
-0.393336775068
-0.494463778626
-0.390308875764
-0.497961762379
-0.386295690819
-0.50262292682
-0.380868568671
-0.509087253052
-0.373187478341
-0.51851653936
-0.361479028237
-0.533664177071
-0.34132094881
-0.562744971742
-0.296100034382
-0.651879498401
