-0.651875245478
-0.296104938725
-0.562736216405
-0.341330096569
-0.533652814152
-0.361488500491
-0.518507472956
-0.373187881964
-0.50907671906
-0.380878827507
-0.502625433508
-0.386307166148
-0.497958580901
-0.390309657569
-0.494464062587
-0.393341849848
-0.491793804826
-0.395674071999
-0.489754199193
-0.397432565055
-0.488162095128
-0.398782252972
-0.48701367226
-0.399797545722
-0.486165647636
-0.400468239659
-0.485631367097
-0.400859846816
-0.485369920964
-0.400988165901
-0.485371055782
-0.400856964101
-0.485635596753
-0.400460163628
-0.486174772176
-0.399780767403
-0.487011955518
-0.398788547534
-0.488185467539
-0.397436096391
-0.489753895174
-0.395651802787
-0.491805368534
-0.393327614146
-0.49447392586
-0.390297047559
-0.497969701905
-0.386293417931
-0.502638508337
-0.380863981168
-0.50909095262
-0.373173165142
-0.518521430842
-0.361475580717
-0.533664826109
-0.341320644538
-0.562744713589
-0.296100167906
-0.651879319102
