-0.651874959029
-0.296105281619
-0.562735475536
-0.341330956368
-0.533651402743
-0.36149009922
-0.518505123224
-0.37319048114
-0.509073126686
-0.380882666458
-0.50262035112
-0.386312242685
-0.497952129853
-0.390315079738
-0.494457557986
-0.393344246127
-0.491790535907
-0.395666732949
-0.489740676318
-0.397449281524
-0.488173745378
-0.398800132282
-0.487001497372
-0.399790988287
-0.486165340652
-0.400469218765
-0.485627101096
-0.400864845676
-0.485363723693
-0.400994520725
-0.485364336473
-0.400863574102
-0.485628944854
-0.400466651383
-0.486168428976
-0.39978708544
-0.48700584092
-0.398794853373
-0.488179322821
-0.397442603879
-0.489747411748
-0.395658660489
-0.49179829122
-0.393334798808
-0.494466156407
-0.39030424591
-0.497961416117
-0.386299948076
-0.502629437229
-0.380869311713
-0.509082278254
-0.373179556141
-0.518518371756
-0.361482517175
-0.533665174538
-0.341321428863
-0.562744827457
-0.29610023318
-0.651879353572
