-0.651874999259
-0.296105233397
-0.562735579752
-0.341330834941
-0.533651602238
-0.361489871038
-0.518505459332
-0.373190101017
-0.509073654852
-0.380882073557
-0.502621145844
-0.38631135527
-0.497953291058
-0.390313788506
-0.49445921906
-0.39334240624
-0.491792873162
-0.395664156059
-0.489743917981
-0.397445732494
-0.488178173443
-0.398795345221
-0.487007420874
-0.399784747801
-0.486172954924
-0.400461695241
-0.485635638556
-0.400858526521
-0.485363385028
-0.40099715033
-0.485367168123
-0.400868992304
-0.485632040786
-0.400471184659
-0.486167654117
-0.399784018891
-0.48701100151
-0.398789350504
-0.48818526074
-0.397436271935
-0.489753912556
-0.395651781878
-0.491805450547
-0.393327544889
-0.494474010797
-0.390296979588
-0.497969770838
-0.386293364572
-0.502638558748
-0.380863943348
-0.50909098715
-0.373173140235
-0.518521453113
-0.361475565586
-0.533664839403
-0.341320636445
-0.562744720549
-0.296100164686
-0.651879321791
