-0.651874959066
-0.296105281575
-0.56273547563
-0.341330956258
-0.533651402924
-0.361490099012
-0.518505123529
-0.373190480794
-0.509073127166
-0.380882665919
-0.502620351842
-0.386312241878
-0.49795213091
-0.390315078561
-0.494457559501
-0.393344244443
-0.491790538047
-0.395666730575
-0.48974067931
-0.397449278208
-0.488173749528
-0.398800127683
-0.487001503101
-0.399790981941
-0.486165348532
-0.400469210034
-0.485627111915
-0.400864833686
-0.485363738538
-0.40099450427
-0.485364356845
-0.400863551531
-0.485628972822
-0.400466620461
-0.486168467347
-0.399787043267
-0.487005893335
-0.398794796597
-0.488179393424
-0.397442530048
-0.489747503185
-0.395658573301
-0.491798396897
-0.393334726263
-0.494466234949
-0.390304296703
-0.497961349202
-0.386300381621
-0.502629866808
-0.380870073403
-0.509083750044
-0.373175938779
-0.518515869348
-0.361478533683
-0.533665293243
-0.341323455074
-0.562747164278
-0.296098932816
-0.651881038031
