-0.651875048385
-0.296105174515
-0.562735707005
-0.341330686695
-0.533651845785
-0.361489592576
-0.518505869466
-0.373189637569
-0.509074298668
-0.380881352143
-0.502622112399
-0.386310280044
-0.49795469669
-0.390312237458
-0.494461210451
-0.393340234686
-0.491795620537
-0.395661222799
-0.489747575384
-0.397441996764
-0.488182718463
-0.398791226624
-0.487011775382
-0.399783102966
-0.486166803425
-0.400470943274
-0.485631939625
-0.400868538184
-0.485368063951
-0.400996450321
-0.485364896845
-0.400858201686
-0.485636340507
-0.400459413371
-0.48617592141
-0.399779827651
-0.487012963675
-0.398787728516
-0.488186265252
-0.397435454192
-0.48975449613
-0.395651323903
-0.491805808037
-0.393327267799
-0.494474240359
-0.39029680301
-0.497969922439
-0.386293249409
-0.502638659447
-0.380863868464
-0.50909105307
-0.373173092873
-0.518521494753
-0.361475537342
-0.533664864031
-0.341320621461
-0.562744733394
-0.296100158744
-0.651879326746
