-0.651874968514
-0.296105270251
-0.562735500105
-0.341330927741
-0.533651449776
-0.36149004542
-0.518505202471
-0.373190391501
-0.50907325124
-0.380882526591
-0.502620538612
-0.386312033183
-0.497952404038
-0.390314774432
-0.494457950878
-0.393343809746
-0.491791090646
-0.395666118008
-0.489741450997
-0.397448424257
-0.488174818018
-0.398798947625
-0.487002972028
-0.399789364498
-0.486167353751
-0.40046701418
-0.485629824486
-0.400861895972
-0.485367351649
-0.400990685359
-0.485368997235
-0.400858958897
-0.485634048316
-0.400463130905
-0.486165657359
-0.399790822995
-0.487004924144
-0.398802150824
-0.488179958552
-0.397450636981
-0.489745290386
-0.395659137582
-0.491800240544
-0.39333211544
-0.494470222359
-0.390300001192
-0.49796716047
-0.386295365043
-0.502636802893
-0.380865251814
-0.509089833081
-0.373173969847
-0.518520723061
-0.36147606084
-0.533664407369
-0.3413208993
-0.562744495166
-0.296100268951
-0.651879234835
