-0.651875089456
-0.296105125292
-0.562735813383
-0.341330562803
-0.533652049314
-0.361489360021
-0.518506211935
-0.373189251149
-0.509074835293
-0.380880752725
-0.502622914888
-0.386309393189
-0.497955854158
-0.390310977652
-0.49446282222
-0.393338527627
-0.491797762658
-0.395659083767
-0.489750169153
-0.397439824148
-0.488184774341
-0.398791510409
-0.487003968421
-0.399792198109
-0.486171033242
-0.400471915377
-0.485631910401
-0.400865441802
-0.485365017922
-0.400988116915
-0.485372571922
-0.400855564817
-0.485637186101
-0.400458872242
-0.486176042798
-0.399779738707
-0.487012922184
-0.398787768603
-0.488186184725
-0.397435522235
-0.489754418378
-0.395651387166
-0.491805745031
-0.393327317933
-0.494474193093
-0.390296839932
-0.497969888539
-0.38629327537
-0.502638635965
-0.380863885996
-0.50909103738
-0.373173104166
-0.518521484746
-0.361475544135
-0.533664858088
-0.341320625079
-0.562744730288
-0.29610016018
-0.651879325547
