-0.651875019571
-0.296105209051
-0.562735632368
-0.341330773641
-0.533651702947
-0.361489755872
-0.51850562896
-0.373189909268
-0.509073921251
-0.380881774813
-0.502621546179
-0.386310909193
-0.49795387445
-0.390313142591
-0.494460049064
-0.393341494879
-0.491794028267
-0.395662904823
-0.489745484644
-0.39744407896
-0.488180214898
-0.398793311526
-0.48700985255
-0.399782718272
-0.486174800609
-0.400462088787
-0.485627643194
-0.400867032882
-0.485367619632
-0.400999111557
-0.485368115747
-0.400866812588
-0.485628821607
-0.400462388953
-0.486174771102
-0.399780688629
-0.487012553604
-0.398788060302
-0.488186087257
-0.397435591353
-0.489754416266
-0.395651383894
-0.491805769948
-0.393327296284
-0.494474220462
-0.39029681792
-0.497969911063
-0.386293257912
-0.502638652518
-0.380863873572
-0.509091048741
-0.37317309597
-0.51852149208
-0.361475539151
-0.533664862467
-0.341320622413
-0.562744732582
-0.296100159119
-0.651879326433
