-0.651874959086
-0.296105281551
-0.562735475682
-0.341330956198
-0.533651403023
-0.361490098899
-0.518505123697
-0.373190480605
-0.509073127429
-0.380882665623
-0.502620352238
-0.386312241436
-0.497952131488
-0.390315077918
-0.494457560328
-0.393344243529
-0.491790539209
-0.395666729296
-0.489740680919
-0.397449276452
-0.488173751718
-0.39880012533
-0.48700150601
-0.39979097891
-0.486165352233
-0.400469206437
-0.485627116205
-0.400864830256
-0.485363742345
-0.400994503539
-0.485364356589
-0.400863561044
-0.485628957952
-0.40046666152
-0.486168408126
-0.399787174979
-0.487005707162
-0.3987951827
-0.488178852426
-0.397443623951
-0.489746005732
-0.395661574398
-0.49179485824
-0.393341675152
-0.494467036925
-0.390298322353
-0.497950566878
-0.386297600346
-0.502634205454
-0.380883010657
-0.509082217832
-0.373179856587
-0.518518405792
-0.361477507353
-0.533663930346
-0.341321153146
-0.56274444725
-0.29610028631
-0.651879242515
