-0.65187496616
-0.296105273072
-0.562735494008
-0.341330934846
-0.533651438102
-0.361490058777
-0.518505182794
-0.373190413774
-0.509073220286
-0.380882561404
-0.502620491927
-0.386312085513
-0.497952335498
-0.390314851237
-0.49445785188
-0.393343921083
-0.491790948659
-0.395666279228
-0.489741246644
-0.397448660798
-0.488174518632
-0.398799306202
-0.48700251647
-0.399789940508
-0.486166615064
-0.400468020668
-0.485628516078
-0.400863838901
-0.485364795957
-0.400994795424
-0.485363663293
-0.400868010509
-0.485624218847
-0.400479503189
-0.486175185457
-0.399775357367
-0.486986786314
-0.398785030084
-0.488186520865
-0.397460870457
-0.489739510734
-0.39566453761
-0.491797681551
-0.3933334648
-0.494470093226
-0.390299902063
-0.497967646649
-0.386294941963
-0.502637316719
-0.380864854861
-0.509090230016
-0.373173680615
-0.518520991691
-0.361475877629
-0.53366457095
-0.341320799577
-0.562744581481
-0.296100228996
-0.651879268262
