-0.651874959948
-0.296105280518
-0.562735477916
-0.341330953595
-0.533651407299
-0.361490094007
-0.518505130902
-0.373190472455
-0.509073138753
-0.380882652909
-0.502620369282
-0.386312222395
-0.497952156407
-0.390315050182
-0.494457596017
-0.39334420392
-0.491790589551
-0.395666673575
-0.489740751085
-0.397449199035
-0.488173848509
-0.398800019049
-0.487001638103
-0.399790835104
-0.486165529971
-0.40046901616
-0.485627349803
-0.400864588852
-0.48536403542
-0.400994224711
-0.485364686527
-0.400863317144
-0.48562922005
-0.400466695438
-0.486168264143
-0.399788200079
-0.487004233789
-0.398799063456
-0.488174551432
-0.397453109243
-0.489750179209
-0.395650248962
-0.491782136897
-0.393329220303
-0.494470900718
-0.390321414492
-0.497956119414
-0.386304743914
-0.5026318476
-0.380868787151
-0.509087833501
-0.373175329906
-0.518519865933
-0.361476620271
-0.533664009999
-0.341321136428
-0.562744311352
-0.296100353411
-0.651879166941
