-0.651875076609
-0.296105140742
-0.562735779973
-0.341330602102
-0.533651984621
-0.361489435717
-0.518506099875
-0.373189384222
-0.509074648322
-0.380880983694
-0.50262259842
-0.386309811786
-0.497955285118
-0.390311802378
-0.494461698817
-0.393340316539
-0.491795320949
-0.395663267929
-0.489744584608
-0.397449757859
-0.488173725444
-0.398810467347
-0.487013886793
-0.399774979547
-0.486150123246
-0.400452761075
-0.4856387264
-0.400875684462
-0.485361109177
-0.400996424775
-0.485366487669
-0.400860482077
-0.485633584311
-0.40046167148
-0.4861738585
-0.399781454798
-0.48701150498
-0.398788890565
-0.488185221955
-0.397436285615
-0.489753748332
-0.39565191676
-0.491805274579
-0.393327687117
-0.494473863355
-0.390297095795
-0.497969659709
-0.386293450053
-0.502638479971
-0.380864002286
-0.509090933939
-0.373173178572
-0.518521419007
-0.361475588746
-0.533664819101
-0.341320648802
-0.562744709932
-0.296100169598
-0.651879317691
