-0.65187496419
-0.296105275433
-0.562735488904
-0.341330940792
-0.533651428334
-0.361490069946
-0.518505166344
-0.373190432364
-0.50907319446
-0.38088259035
-0.502620453144
-0.386312128678
-0.497952279062
-0.390314913575
-0.494457771824
-0.393344008566
-0.491790837918
-0.395666398014
-0.489741098305
-0.397448814147
-0.488174330309
-0.398799485183
-0.487002303237
-0.39979009803
-0.486166445311
-0.400468001296
-0.485628607669
-0.400863192961
-0.485365764173
-0.400992304219
-0.485367064595
-0.400860676237
-0.485632470892
-0.400463137343
-0.486172264004
-0.399784524016
-0.487002457473
-0.398798727969
-0.488177201771
-0.397450140007
-0.489747377217
-0.395667520409
-0.491796203928
-0.393336210844
-0.494467503698
-0.390302609569
-0.497965001606
-0.386297097704
-0.502635305738
-0.380866377782
-0.509088847284
-0.373174679473
-0.51852010079
-0.361476483002
-0.533664039681
-0.341321122991
-0.56274430349
-0.29610035762
-0.651879160903
