-0.651876048303
-0.296103986307
-0.562738270613
-0.341327776895
-0.53365659925
-0.361484508026
-0.518513238627
-0.373182610911
-0.509083647869
-0.380875094249
-0.502630038719
-0.386312684383
-0.497967060497
-0.390298162367
-0.494454326976
-0.393325090432
-0.491802863649
-0.395664722269
-0.489746289464
-0.397442780034
-0.488181693855
-0.398791630615
-0.487010328211
-0.399782094859
-0.486174179257
-0.400460547984
-0.485635605871
-0.400856610545
-0.485371769057
-0.400986783136
-0.485371893006
-0.400856333004
-0.485636009973
-0.400459847615
-0.486174997995
-0.399780592175
-0.48701209119
-0.398788441133
-0.488185555104
-0.397436027375
-0.48975395428
-0.395651756229
-0.491805409335
-0.393327582186
-0.494473954202
-0.390297025588
-0.497969721483
-0.386293402992
-0.502638521653
-0.380863971244
-0.50909096144
-0.373173158799
-0.518521436444
-0.361475576915
-0.533664829431
-0.341320642517
-0.562744715324
-0.296100167104
-0.651879319772
