-0.651876181658
-0.296103821596
-0.562738628757
-0.341327323412
-0.533657358227
-0.361483476281
-0.518514815821
-0.373180250775
-0.509086917788
-0.380870084447
-0.502631686209
-0.386307799946
-0.497963254878
-0.390308218176
-0.494464935051
-0.393334636962
-0.491797966102
-0.395654951108
-0.489751735791
-0.397437943507
-0.488184351161
-0.398789635202
-0.487011472597
-0.399781245158
-0.486174701242
-0.400460154788
-0.485635869021
-0.400856408505
-0.485371916789
-0.400986667711
-0.48537198405
-0.400856260946
-0.485636070021
-0.400459799722
-0.486175039333
-0.399780559101
-0.487012120331
-0.398788417826
-0.488185575871
-0.397436010819
-0.489753969116
-0.39565174447
-0.491805419896
-0.393327573886
-0.494473961657
-0.390297019798
-0.497969726676
-0.386293399027
-0.502638525199
-0.3808639686
-0.509090963794
-0.373173157106
-0.51852143794
-0.3614755759
-0.533664830319
-0.341320641977
-0.562744715787
-0.296100166889
-0.65187931995
