-0.65187496302
-0.296105276836
-0.562735485872
-0.341330944325
-0.533651422529
-0.361490076587
-0.518505156561
-0.373190443436
-0.509073179074
-0.380882607647
-0.502620429951
-0.386312154652
-0.49795224505
-0.39031495162
-0.494457722808
-0.393344063499
-0.491790767926
-0.395666476963
-0.489740998403
-0.397448928397
-0.488174186139
-0.398799654338
-0.487002089398
-0.399790359952
-0.486166111829
-0.400468436821
-0.485628046218
-0.400863988799
-0.485364722235
-0.400993914464
-0.48536493116
-0.400864225465
-0.485627837608
-0.400471208252
-0.486163468561
-0.399799515609
-0.487011237322
-0.398784196628
-0.48816067396
-0.397434186876
-0.489753643866
-0.395677078202
-0.491790664932
-0.393340440667
-0.494466110972
-0.390302936378
-0.497965783269
-0.38629630038
-0.502636396432
-0.380865516898
-0.50908973569
-0.37317402887
-0.518520712242
-0.36147606537
-0.533664414372
-0.341320894466
-0.562744501667
-0.296100265873
-0.651879237709
