-0.651874978568
-0.2961052582
-0.562735526149
-0.341330897403
-0.533651499615
-0.361489988446
-0.518505286382
-0.373190296724
-0.50907338289
-0.380882379211
-0.502620736027
-0.386311813997
-0.49795269044
-0.390314459657
-0.494458354602
-0.393343373085
-0.491791641895
-0.395665539488
-0.489742169124
-0.397447718084
-0.488175672583
-0.398798241322
-0.487003773878
-0.399789112843
-0.486167469488
-0.400468548564
-0.485627545665
-0.40086859474
-0.485359924525
-0.401007432437
-0.485373525085
-0.400849965142
-0.485610166328
-0.400454186246
-0.486177557508
-0.399803838164
-0.486998837886
-0.398800370013
-0.488178604821
-0.397441359137
-0.489750639883
-0.395654246496
-0.49180372034
-0.393328855092
-0.494473009309
-0.390297739873
-0.497969150597
-0.386293832405
-0.502638161245
-0.380864237898
-0.509090731673
-0.373173323482
-0.518521293157
-0.361475674001
-0.533664745173
-0.341320693757
-0.562744671482
-0.296100187383
-0.651879302871
