-0.651874975162
-0.296105262282
-0.562735517327
-0.341330907675
-0.533651482743
-0.361490007711
-0.518505258017
-0.373190328676
-0.509073338536
-0.380882428576
-0.502620669997
-0.386311886411
-0.497952596113
-0.390314560665
-0.494458225932
-0.393343504559
-0.491791478504
-0.395665688927
-0.48974199125
-0.397447828776
-0.488175562324
-0.398798131963
-0.487003985258
-0.399788265857
-0.486168710112
-0.400465574728
-0.485631586095
-0.40086011559
-0.485369472379
-0.400988842365
-0.485370677602
-0.400859078051
-0.485626923884
-0.400470092566
-0.48616880223
-0.399793902502
-0.487007294838
-0.398801839658
-0.488177473745
-0.397441981316
-0.489750257496
-0.395655021433
-0.491802877778
-0.393329629625
-0.494472246284
-0.390298354269
-0.497968574959
-0.38629427643
-0.502637755783
-0.380864541223
-0.50909045898
-0.373173519892
-0.518521118764
-0.361475792409
-0.533664641466
-0.341320756875
-0.562744617273
-0.296100212463
-0.651879281943
