-0.651875148216
-0.296105054879
-0.56273596555
-0.341330385655
-0.533652340301
-0.361489027874
-0.518506700956
-0.373188700635
-0.509075599382
-0.38087990346
-0.502624050491
-0.386308151429
-0.497957470524
-0.390309258267
-0.494465008124
-0.393336333286
-0.491800454776
-0.395656800791
-0.489752404537
-0.397439922421
-0.488177346281
-0.398800740999
-0.487008001544
-0.399792559816
-0.486170542006
-0.400468428058
-0.485629194989
-0.400857487469
-0.485372648347
-0.400985825368
-0.48537316407
-0.400855279723
-0.485637096302
-0.400458960619
-0.486175848497
-0.399779902622
-0.48701273237
-0.398787924649
-0.488186028295
-0.397435648724
-0.489754298485
-0.395651482879
-0.491805656649
-0.393327387638
-0.494474129607
-0.390296889317
-0.497969843938
-0.386293309459
-0.502638605376
-0.380863908812
-0.509091017038
-0.373173118803
-0.5185214718
-0.361475552921
-0.533664850405
-0.341320629753
-0.562744726276
-0.296100162036
-0.651879323999
