-0.651874961527
-0.296105278625
-0.562735482006
-0.341330948829
-0.533651415129
-0.361490085051
-0.518505144095
-0.373190457531
-0.50907315949
-0.38088262962
-0.502620400502
-0.386312187501
-0.497952202077
-0.390314999302
-0.494457661502
-0.393344131113
-0.491790682128
-0.395666570749
-0.489740880688
-0.397449055066
-0.488174028829
-0.398799818421
-0.487001888332
-0.39979055563
-0.486165877756
-0.400468624807
-0.485627836761
-0.400864033311
-0.485364728448
-0.40099341483
-0.485365703031
-0.400862081251
-0.485630786857
-0.400464675766
-0.486170840523
-0.399784645388
-0.487008450956
-0.398793168792
-0.488175551539
-0.397446376201
-0.489744302704
-0.395666117234
-0.491797861822
-0.393344201878
-0.494464480362
-0.39030644285
-0.49796245074
-0.386299586457
-0.502633243219
-0.380868000464
-0.509087448435
-0.373175695171
-0.518519216466
-0.361477083714
-0.533663518179
-0.341321440284
-0.562744031976
-0.29610048322
-0.651879056227
