-0.651875657727
-0.296104447729
-0.562737276232
-0.341328885203
-0.533654796204
-0.361486340756
-0.518510618204
-0.373184724361
-0.509080974086
-0.380875371623
-0.502629678768
-0.386306376421
-0.497959575404
-0.390318114691
-0.494472067055
-0.393327216914
-0.491784056859
-0.395647828942
-0.489753035381
-0.397450415511
-0.488177505207
-0.39879561704
-0.487008178721
-0.399783733575
-0.486173269786
-0.400461222969
-0.485635211958
-0.400856904805
-0.485371584759
-0.400986922907
-0.485371797658
-0.400856406559
-0.485635955281
-0.400459890434
-0.486174963785
-0.399780619226
-0.487012068451
-0.398788459196
-0.488185539433
-0.397436039822
-0.489753943287
-0.395651764926
-0.491805401583
-0.393327588272
-0.494473948757
-0.390297029813
-0.497969717701
-0.38629340588
-0.502638519072
-0.380863973167
-0.509090959729
-0.37317316003
-0.518521435356
-0.361475577654
-0.533664828786
-0.341320642909
-0.562744714987
-0.29610016726
-0.651879319642
