-0.651874989986
-0.296105244515
-0.562735555723
-0.341330862959
-0.533651556201
-0.361489923785
-0.518505381606
-0.373190189258
-0.509073532135
-0.380882212431
-0.502620959333
-0.386311566992
-0.497953012887
-0.390314108012
-0.494458804709
-0.393342894189
-0.491792243801
-0.395664930515
-0.48974291724
-0.397447048502
-0.488176459198
-0.3987977962
-0.487004200056
-0.399789756624
-0.486166462897
-0.400472418034
-0.485623967899
-0.400877464172
-0.485373907662
-0.400980148867
-0.485346084515
-0.400849938887
-0.485638893315
-0.400482224718
-0.486162346946
-0.399792020447
-0.487005538316
-0.398793472652
-0.488182504533
-0.397438320572
-0.489752447248
-0.39565289432
-0.491804590494
-0.393328204943
-0.494473468366
-0.390297395582
-0.497969415467
-0.386293634249
-0.502638323585
-0.380864118157
-0.509090833479
-0.373173250626
-0.518521356124
-0.361475631367
-0.53366478206
-0.341320671331
-0.562744690645
-0.296100178519
-0.651879310255
