-0.651877562668
-0.296102251845
-0.56274198136
-0.341324053804
-0.533662479573
-0.361480471598
-0.518518524043
-0.373185420389
-0.509088591968
-0.380866944412
-0.502624766888
-0.386293580258
-0.497964241658
-0.390306288739
-0.494466719396
-0.393333617829
-0.491800847228
-0.395655605262
-0.489751256499
-0.397438430173
-0.488184075962
-0.398789838677
-0.487011357662
-0.399781328985
-0.486174651654
-0.400460191623
-0.485635845579
-0.40085642629
-0.48537190444
-0.400986677264
-0.485371976832
-0.400856266617
-0.485636065436
-0.400459803362
-0.486175036251
-0.39978056156
-0.487012118187
-0.398788419538
-0.488185574355
-0.397436012027
-0.489753968037
-0.395651745325
-0.491805419129
-0.393327574488
-0.494473961117
-0.390297020218
-0.4979697263
-0.386293399314
-0.502638524942
-0.380863968791
-0.509090963623
-0.373173157228
-0.518521437832
-0.361475575973
-0.533664830254
-0.341320642016
-0.562744715753
-0.296100166905
-0.651879319938
