-0.651878890695
-0.296100849791
-0.562744903877
-0.341322038085
-0.533665290859
-0.36148279502
-0.51852050494
-0.373176071823
-0.509081567083
-0.38086503213
-0.502632418398
-0.38630026545
-0.497962732351
-0.390302530844
-0.494468793795
-0.393331829084
-0.491801861676
-0.395654848359
-0.489751721791
-0.397438082707
-0.488184311171
-0.398789659279
-0.487011490805
-0.399781225334
-0.48617473442
-0.400460126198
-0.485635900516
-0.40085638243
-0.485371942441
-0.40098664675
-0.485372003761
-0.400856244935
-0.485636084772
-0.400459787786
-0.486175050222
-0.399780550321
-0.4870121283
-0.398788411426
-0.488185581665
-0.39743600619
-0.489753973297
-0.395651741152
-0.491805422889
-0.393327571533
-0.494473963775
-0.390297018153
-0.497969728153
-0.386293397898
-0.502638526208
-0.380863967847
-0.509090964464
-0.373173156624
-0.518521438366
-0.361475575611
-0.533664830571
-0.341320641823
-0.562744715919
-0.296100166828
-0.651879320001
