-0.651880643668
-0.296099348478
-0.562747741654
-0.341322761336
-0.533666105278
-0.361477616506
-0.518517072965
-0.373174601522
-0.509085406624
-0.38086827621
-0.502632008029
-0.386298083084
-0.497964019029
-0.390301462572
-0.494469463631
-0.393331328044
-0.491802209709
-0.395654584918
-0.489751922242
-0.397437927705
-0.488184437179
-0.39878956021
-0.487011574846
-0.399781158514
-0.486174792581
-0.400460079621
-0.485635941676
-0.400856349322
-0.48537197196
-0.40098662295
-0.485372025095
-0.40085622772
-0.485636100252
-0.400459775302
-0.48617506147
-0.399780541266
-0.487012136466
-0.398788404874
-0.488185587576
-0.39743600147
-0.489753977555
-0.395651737774
-0.491805425932
-0.39332756914
-0.494473965929
-0.390297016481
-0.497969729654
-0.386293396752
-0.502638527234
-0.380863967082
-0.509090965145
-0.373173156134
-0.518521438799
-0.361475575317
-0.533664830828
-0.341320641666
-0.562744716053
-0.296100166766
-0.651879320053
