-0.651875532514
-0.296104594886
-0.562736959415
-0.341329232489
-0.533654233225
-0.36148688486
-0.518509850439
-0.373185221354
-0.509080407345
-0.380874784382
-0.502630812108
-0.386301506048
-0.497965562115
-0.390303537017
-0.494465433961
-0.393342290113
-0.491799587727
-0.395663832143
-0.489746970621
-0.397443653639
-0.488178735313
-0.398790144021
-0.487011878554
-0.399780689191
-0.486175341569
-0.40045962605
-0.485636382435
-0.400855992075
-0.485372304511
-0.400986353588
-0.485372271772
-0.400856028134
-0.485636281711
-0.400459628744
-0.486175194264
-0.399780434287
-0.487012233232
-0.398788327199
-0.488185657758
-0.397435945412
-0.489754028154
-0.395651697628
-0.491805462124
-0.393327540683
-0.494473991538
-0.390296996589
-0.497969747513
-0.386293383113
-0.502638539437
-0.380863957983
-0.509090973246
-0.373173150306
-0.518521443951
-0.361475571821
-0.533664833884
-0.341320639807
-0.562744717649
-0.296100166028
-0.651879320669
