-0.651874971062
-0.296105267196
-0.562735506707
-0.341330920051
-0.533651462408
-0.361490030983
-0.518505223733
-0.373190367499
-0.509073284576
-0.380882489316
-0.502620588527
-0.386311977899
-0.497952476232
-0.390314695489
-0.494458051995
-0.393343701544
-0.49179122685
-0.395665978402
-0.489741623135
-0.397448264714
-0.488175007478
-0.398798821452
-0.487003101767
-0.399789442818
-0.486167184324
-0.400467786156
-0.485628687551
-0.400864676651
-0.485363571438
-0.400998682216
-0.485360005603
-0.400876571094
-0.485636982778
-0.400453929149
-0.4861493633
-0.399775900117
-0.487014033104
-0.398812532447
-0.488171670804
-0.397448442112
-0.489746577078
-0.39565740227
-0.491801795898
-0.39333029115
-0.494472053504
-0.39029845083
-0.497968630735
-0.386294218519
-0.50263785585
-0.380864462129
-0.509090544907
-0.373173456821
-0.518521179137
-0.361475751121
-0.533664678781
-0.341320734104
-0.562744637077
-0.296100203293
-0.651879289627
