-0.651875142475
-0.296105061896
-0.562735950329
-0.341330404402
-0.533652309156
-0.361489068119
-0.51850664015
-0.373188786626
-0.509075474267
-0.380880101182
-0.502623766745
-0.386308645347
-0.497956766453
-0.390310561251
-0.494463168605
-0.393339831564
-0.491795679808
-0.395665873861
-0.489742174617
-0.397458280672
-0.488186721242
-0.398783734133
-0.486987881259
-0.399773780056
-0.486177290903
-0.400478046817
-0.48562587911
-0.400865389122
-0.485366886205
-0.400990522806
-0.485369730824
-0.400857955689
-0.485635011268
-0.400460602541
-0.486174493983
-0.399780978406
-0.487011809776
-0.398788659587
-0.488185383242
-0.397436161894
-0.489753842357
-0.395651844025
-0.491805333672
-0.393327641319
-0.494473902239
-0.390297065824
-0.4979696858
-0.386293430203
-0.502638497455
-0.380863989274
-0.509090945435
-0.373173170309
-0.518521426285
-0.361475583809
-0.533664823409
-0.341320646181
-0.56274471218
-0.296100168558
-0.651879318558
