-0.651874959089
-0.296105281548
-0.56273547569
-0.341330956189
-0.533651403037
-0.361490098883
-0.51850512372
-0.373190480578
-0.509073127466
-0.380882665582
-0.502620352294
-0.386312241373
-0.497952131571
-0.390315077825
-0.494457560448
-0.393344243391
-0.491790539384
-0.395666729091
-0.48974068118
-0.397449276136
-0.488173752123
-0.398800124808
-0.487001506684
-0.399790977971
-0.486165353462
-0.400469204566
-0.485627118692
-0.400864826161
-0.485363747858
-0.400994493904
-0.48536436969
-0.400863537205
-0.485628990604
-0.40046660055
-0.486168492138
-0.399787015343
-0.487005928273
-0.398794756877
-0.488179443477
-0.397442472281
-0.489747576743
-0.395658486254
-0.491798509409
-0.393334587449
-0.494466418029
-0.390304055286
-0.497961672891
-0.386299913369
-0.502630447698
-0.380869169992
-0.509083653013
-0.373176481225
-0.518516455333
-0.361478773695
-0.533665164045
-0.341322865816
-0.562747816505
-0.296099133572
-0.651880591144
