-0.651874961079
-0.296105279163
-0.562735480845
-0.341330950183
-0.533651412905
-0.361490087595
-0.518505140347
-0.373190461773
-0.509073153596
-0.380882636245
-0.502620391619
-0.386312197447
-0.497952189054
-0.390315013863
-0.494457642745
-0.393344152113
-0.491790655378
-0.395666600865
-0.489740842597
-0.397449098476
-0.488173974099
-0.398799882246
-0.487001807769
-0.399790653347
-0.486165753626
-0.400468784688
-0.485627631257
-0.400864319867
-0.485364354261
-0.400993984265
-0.4853649473
-0.400863326016
-0.485629117941
-0.400467591872
-0.486166999225
-0.399791578488
-0.487000848552
-0.398806522974
-0.488183357745
-0.3974330604
-0.48972968702
-0.395651659696
-0.491803681986
-0.393352852406
-0.494459406479
-0.390309468761
-0.497962176651
-0.38629899465
-0.502634798138
-0.38086665165
-0.509088989703
-0.373174545988
-0.518520334188
-0.361476316714
-0.533664215638
-0.341321014318
-0.562744403318
-0.29610031124
-0.65187920045
