-0.651874958995
-0.29610528166
-0.562735475448
-0.341330956471
-0.533651402574
-0.361490099413
-0.51850512294
-0.373190481461
-0.50907312624
-0.380882666959
-0.502620350448
-0.386312243436
-0.497952128871
-0.390315080832
-0.494457556578
-0.393344247691
-0.491790533919
-0.395666735154
-0.48974067354
-0.397449284601
-0.488173741528
-0.39880013654
-0.48700149207
-0.399790994142
-0.486165333387
-0.400469226764
-0.485627091199
-0.400864856516
-0.485363710316
-0.400994535215
-0.485364318647
-0.400863592958
-0.485628921792
-0.400466674497
-0.486168401115
-0.399787109624
-0.487005813153
-0.398794865737
-0.488179313803
-0.397442563759
-0.489747472968
-0.395658469942
-0.491798408857
-0.393334605415
-0.494463336517
-0.390305932321
-0.497957893113
-0.386305340187
-0.502630859142
-0.380878384197
-0.509084860859
-0.373179748459
-0.518516645625
-0.361479268271
-0.533661807704
-0.341322526091
-0.562743141014
-0.296100897967
-0.651878715547
