-0.651875034463
-0.296105191221
-0.562735670893
-0.34133072891
-0.533651776383
-0.36148967259
-0.518505751399
-0.373189773454
-0.509074109091
-0.380881572791
-0.502621814088
-0.386310637395
-0.497954221175
-0.390312837634
-0.494460415033
-0.393341318813
-0.491794177307
-0.395663376408
-0.489744692438
-0.397446670069
-0.488176571274
-0.398801725381
-0.487000212788
-0.399802352575
-0.486177089584
-0.400453667059
-0.485610603167
-0.40084922515
-0.485374907426
-0.401007140403
-0.485360469421
-0.400866677735
-0.485630170946
-0.400464334476
-0.486172347683
-0.399782586414
-0.487010827253
-0.398789398139
-0.488184893738
-0.397436533859
-0.489753572839
-0.395652050879
-0.491805171505
-0.393327766329
-0.494473798487
-0.390297145543
-0.497969617296
-0.386293482233
-0.502638451939
-0.380864023121
-0.509090915633
-0.373173191721
-0.518521407457
-0.36147559658
-0.533664812273
-0.341320652956
-0.562744706372
-0.296100171245
-0.651879316318
