-0.651874958966
-0.296105281695
-0.562735475372
-0.34133095656
-0.533651402428
-0.361490099579
-0.518505122694
-0.373190481739
-0.509073125853
-0.380882667393
-0.502620349866
-0.386312244086
-0.49795212802
-0.39031508178
-0.494457555359
-0.393344249046
-0.491790532196
-0.395666737067
-0.48974067113
-0.397449287274
-0.488173738181
-0.398800140254
-0.487001487441
-0.399790999286
-0.486165326995
-0.400469233888
-0.485627082357
-0.400864866426
-0.485363698011
-0.400994549144
-0.485364301305
-0.40086361294
-0.485628896775
-0.4004667042
-0.486168363554
-0.399787156421
-0.487005753026
-0.398794946018
-0.488179208572
-0.397442716016
-0.489747275727
-0.395658768144
-0.491798166382
-0.393334817308
-0.494466075449
-0.390304148632
-0.497959580161
-0.386300764843
-0.502627594939
-0.38087347882
-0.509085074582
-0.373184422056
-0.51851831294
-0.361479352957
-0.53366249931
-0.341322340616
-0.562743426384
-0.296100782943
-0.651878827339
