-0.651874959025
-0.296105281625
-0.562735475524
-0.341330956382
-0.53365140272
-0.361490099245
-0.518505123187
-0.373190481182
-0.509073126627
-0.380882666524
-0.502620351031
-0.386312242784
-0.497952129724
-0.390315079883
-0.4944575578
-0.393344246334
-0.491790535644
-0.395666733242
-0.48974067595
-0.397449281934
-0.488173744865
-0.398800132853
-0.48700149666
-0.399790989084
-0.48616533966
-0.400469219884
-0.485627099703
-0.400864847274
-0.485363721697
-0.400994523078
-0.485364333513
-0.400863577755
-0.485628940204
-0.400466657519
-0.486168421028
-0.39978709687
-0.487005825794
-0.398794877231
-0.488179290542
-0.397442659242
-0.489747335301
-0.395658800627
-0.491798094695
-0.393335177469
-0.49446562828
-0.390305300142
-0.4979601409
-0.386302498947
-0.502630322735
-0.380866783533
-0.509080005046
-0.373177360543
-0.51851938111
-0.361484144692
-0.533664081621
-0.341321030787
-0.562745999997
-0.29609953139
-0.651880064389
