-0.651878949353
-0.296100661035
-0.562745382073
-0.341320768799
-0.533665973405
-0.361481601056
-0.518519570877
-0.373178221991
-0.509083931634
-0.38086751604
-0.502631578715
-0.386297655016
-0.497964080216
-0.390301416852
-0.494469380412
-0.393331404301
-0.491802100703
-0.395654674726
-0.489751828472
-0.397438003381
-0.488184364934
-0.398789618292
-0.487011521266
-0.399781201617
-0.486174753379
-0.400460111209
-0.485635913111
-0.400856372373
-0.485371951158
-0.40098663975
-0.48537200994
-0.40085623996
-0.485636089209
-0.400459784212
-0.486175053428
-0.399780547741
-0.487012130621
-0.398788409564
-0.488185583342
-0.397436004851
-0.489753974505
-0.395651740194
-0.491805423752
-0.393327570855
-0.494473964386
-0.390297017679
-0.497969728579
-0.386293397573
-0.502638526499
-0.38086396763
-0.509090964657
-0.373173156485
-0.518521438489
-0.361475575527
-0.533664830644
-0.341320641778
-0.562744715957
-0.296100166811
-0.651879320016
