-0.651874959208
-0.296105280296
-0.562735523798
-0.34133089417
-0.533651595515
-0.361489864447
-0.518505611707
-0.373189904536
-0.509074128163
-0.380881510998
-0.502622161133
-0.386310198113
-0.497955125824
-0.39031178082
-0.494462167584
-0.393339370949
-0.491797073415
-0.395660393653
-0.48974843637
-0.397444099964
-0.488172762513
-0.398805475365
-0.487002903589
-0.399797780758
-0.48616486531
-0.400474018176
-0.485622999361
-0.400863074326
-0.485366719452
-0.400992185457
-0.485366328954
-0.400862684742
-0.485629220476
-0.400467491359
-0.486166962317
-0.399789675738
-0.487002705748
-0.398799159804
-0.488174632001
-0.397448572272
-0.489741319504
-0.395666222149
-0.49179099753
-0.393343882909
-0.494457885305
-0.390314825357
-0.497952358409
-0.386312068039
-0.502620507454
-0.380882549832
-0.509073230555
-0.373190406386
-0.518505189315
-0.361490054351
-0.533651441968
-0.341330932493
-0.562735496027
-0.296105272138
-0.651874966939
