-0.651875979484
-0.296104062781
-0.562738152926
-0.341327871534
-0.533656548386
-0.361484386788
-0.518513617803
-0.373181575875
-0.509085278835
-0.380871874201
-0.502629555028
-0.386310096824
-0.497960601981
-0.390311046095
-0.494461715043
-0.393338011872
-0.491794156037
-0.395658848997
-0.489747416027
-0.397442454139
-0.488179395031
-0.398794799586
-0.487005857383
-0.399787076374
-0.486168424636
-0.400466656423
-0.485628935591
-0.400863582129
-0.485364327458
-0.400994528209
-0.48536371627
-0.400864851748
-0.485627095362
-0.400469223421
-0.486165336352
-0.39979099176
-0.4870014942
-0.398800134832
-0.488173743062
-0.397449283376
-0.489740674642
-0.39566673428
-0.491790534706
-0.393344247072
-0.494457557135
-0.3903150804
-0.497952129259
-0.386312243139
-0.502620350713
-0.380882666761
-0.509073126416
-0.373190481334
-0.518505123052
-0.361490099336
-0.533651402641
-0.34133095643
-0.562735475482
-0.296105281644
-0.651874959009
