-0.651875457615
-0.296104686449
-0.56273680573
-0.341329427166
-0.533653996475
-0.361487239929
-0.518509436808
-0.373186031543
-0.509079359676
-0.380877136709
-0.502627579627
-0.386308647148
-0.497956944039
-0.390320924619
-0.494468889895
-0.393330573043
-0.49178027981
-0.395651740599
-0.489748660998
-0.397454809289
-0.488172682907
-0.39880065097
-0.487002690043
-0.399789459459
-0.486167091112
-0.400467645067
-0.485628351267
-0.400864019598
-0.485364048849
-0.400994740228
-0.485363568964
-0.400864965788
-0.485627009167
-0.400469291103
-0.486165281613
-0.399791035136
-0.48700145745
-0.398800164066
-0.488173717581
-0.397449303634
-0.489740656703
-0.395666748481
-0.49179052203
-0.393344257029
-0.494457548219
-0.390315087324
-0.497952123058
-0.386312247876
-0.50262034648
-0.380882669918
-0.509073123606
-0.373190483356
-0.518505121265
-0.36149010055
-0.53365140158
-0.341330957076
-0.562735474929
-0.2961052819
-0.651874958795
