-0.651874801255
-0.296105469597
-0.562735114697
-0.341331370609
-0.533650812845
-0.361490758638
-0.518504294927
-0.373191389945
-0.509072065501
-0.380883813806
-0.502619078598
-0.386313600925
-0.497950685944
-0.390316601664
-0.494456004404
-0.393345861312
-0.491788960483
-0.39566834326
-0.489739198156
-0.397450756312
-0.488172520055
-0.398801304849
-0.48700071988
-0.399791658117
-0.486165239688
-0.400469171523
-0.48562790705
-0.400863925394
-0.485365543976
-0.400992894914
-0.485366437211
-0.40086338728
-0.48562235759
-0.400474502463
-0.486164278491
-0.39979828108
-0.487002423979
-0.398805972031
-0.488172320128
-0.397444733021
-0.489747839184
-0.395660551394
-0.491796996452
-0.393339076059
-0.49446251251
-0.390311202161
-0.497955715712
-0.386309493389
-0.502622846462
-0.380880801953
-0.509074798273
-0.373189277255
-0.518506190889
-0.361489374172
-0.533652037483
-0.341330569976
-0.562735807343
-0.296105128084
-0.651875087143
