-0.651874789991
-0.2961054831
-0.562735085517
-0.34133140461
-0.533650756985
-0.361490822534
-0.518504200809
-0.373191496399
-0.509071917584
-0.380883979893
-0.502618855965
-0.38631384965
-0.497950360445
-0.390316963983
-0.494455538195
-0.393346378772
-0.491788302805
-0.395669071336
-0.489738281297
-0.39745176827
-0.488171254768
-0.398802695168
-0.486998991615
-0.39979354218
-0.486162910297
-0.40047167145
-0.485624837093
-0.400867108979
-0.485361701924
-0.400996517369
-0.485362617037
-0.400865242214
-0.485627573733
-0.400467944179
-0.486167440808
-0.399787970906
-0.487005247847
-0.398795363887
-0.488178805638
-0.397443631838
-0.489741457425
-0.395663951134
-0.491792609604
-0.393343621816
-0.494463613521
-0.390315513043
-0.497958364392
-0.386303073116
-0.502631333038
-0.380874138965
-0.50908145854
-0.373184431843
-0.518510682161
-0.361486312412
-0.533654768686
-0.34132890489
-0.56273724807
-0.296104461109
-0.651875645095
