-0.651882147654
-0.296099301271
-0.562747644255
-0.341321620844
-0.533664480785
-0.361477696073
-0.518516875652
-0.373176653354
-0.509083808732
-0.380869247013
-0.502630471036
-0.386299894221
-0.497961720968
-0.390304015845
-0.494466462397
-0.393334552177
-0.491798543613
-0.39565845916
-0.489747601754
-0.397442452402
-0.48817946149
-0.398794742494
-0.487005941219
-0.399787004963
-0.486168501464
-0.400466593047
-0.485628997347
-0.400863531768
-0.485364374581
-0.400994489955
-0.485363751414
-0.40086482329
-0.485627121281
-0.400469202478
-0.486165355347
-0.399790976454
-0.487001508053
-0.398800123709
-0.488173753115
-0.397449275343
-0.489740681895
-0.395666728524
-0.491790539896
-0.393344242989
-0.49445756081
-0.390315077544
-0.497952131823
-0.38631224118
-0.502620352467
-0.380882665453
-0.509073127581
-0.373190480496
-0.518505123793
-0.361490098833
-0.53365140308
-0.341330956163
-0.562735475712
-0.296105281538
-0.651874959098
