-0.65187868557
-0.296101094511
-0.562744420397
-0.34132259507
-0.533664466564
-0.361483721533
-0.518519285613
-0.373177417029
-0.509079902024
-0.380866840462
-0.502630263734
-0.386302572754
-0.497960054322
-0.390305371092
-0.494465559607
-0.393335231553
-0.491798045086
-0.395658839703
-0.489747300107
-0.39744268713
-0.488179265568
-0.398794897141
-0.487005807979
-0.399787111143
-0.486168408242
-0.4004666678
-0.485628930979
-0.400863585191
-0.485364326829
-0.400994528474
-0.48536371684
-0.400864851196
-0.485627096167
-0.400469222736
-0.486165337087
-0.399790991156
-0.487001494791
-0.398800134353
-0.48817374351
-0.397449283016
-0.489740674974
-0.395666734016
-0.491790534946
-0.393344246883
-0.494457557306
-0.390315080267
-0.497952129379
-0.386312243048
-0.502620350795
-0.3808826667
-0.50907312647
-0.373190481295
-0.518505123087
-0.361490099313
-0.533651402661
-0.341330956418
-0.562735475493
-0.296105281639
-0.651874959013
