-0.651880438598
-0.296099593187
-0.562747258163
-0.341323318654
-0.533665280817
-0.361478542701
-0.518515852829
-0.373175946744
-0.509083741482
-0.380870084537
-0.502629853878
-0.386300391955
-0.497961339363
-0.390304304297
-0.494466228074
-0.393334731599
-0.491798392138
-0.39565857703
-0.48974749987
-0.39744253267
-0.488179391091
-0.398794798455
-0.487005891679
-0.399787044594
-0.48616846616
-0.400466621415
-0.485628971966
-0.40086355222
-0.485364356225
-0.40099450477
-0.485363738088
-0.400864834049
-0.485627111587
-0.400469210298
-0.486165348293
-0.399790982133
-0.487001502928
-0.398800127822
-0.488173749403
-0.397449278309
-0.48974067922
-0.395666730647
-0.491790537982
-0.393344244494
-0.494457559455
-0.390315078597
-0.497952130878
-0.386312241902
-0.50262035182
-0.380882665935
-0.509073127151
-0.373190480805
-0.51850512352
-0.361490099019
-0.533651402918
-0.341330956261
-0.562735475628
-0.296105281577
-0.651874959065
