-0.651877357904
-0.296102496123
-0.562741498844
-0.341324609617
-0.533661657144
-0.361481395976
-0.518517306168
-0.373186765487
-0.509086930825
-0.380868751744
-0.502622613912
-0.386295888053
-0.497961559968
-0.390309120012
-0.49446349511
-0.393337011076
-0.491797039368
-0.395659589538
-0.489746841269
-0.397443029455
-0.488179034997
-0.398795072839
-0.487005678161
-0.399787212132
-0.486168327868
-0.400466731305
-0.485628877767
-0.400863627664
-0.485364290076
-0.400994557982
-0.485363690816
-0.400864872149
-0.485627077488
-0.400469237784
-0.486165323591
-0.399791002015
-0.487001485021
-0.398800142192
-0.488173736447
-0.397449288657
-0.489740669889
-0.395666738052
-0.49179053131
-0.393344249742
-0.494457554733
-0.390315082266
-0.497952127584
-0.386312244419
-0.502620349568
-0.380882667615
-0.509073125655
-0.373190481881
-0.518505122568
-0.361490099665
-0.533651402353
-0.341330956605
-0.562735475332
-0.296105281713
-0.651874958951
