-0.651874792296
-0.296105480336
-0.562735091489
-0.341331397652
-0.533650768415
-0.361490809463
-0.51850422006
-0.37319147464
-0.509071947813
-0.380883946003
-0.502618901377
-0.386313799077
-0.497950426576
-0.390316890845
-0.494455632149
-0.393346275835
-0.491788433193
-0.395668930723
-0.489738457145
-0.397451584349
-0.48817148138
-0.39880247354
-0.486999258048
-0.399793325107
-0.486163154212
-0.40047160699
-0.485624850087
-0.400867634578
-0.485360885174
-0.400998829163
-0.485359447199
-0.400872293234
-0.485619698122
-0.400483873266
-0.486170727224
-0.399779643428
-0.486981942553
-0.398789138007
-0.48818150038
-0.397463357891
-0.489737286806
-0.39566990213
-0.491791940916
-0.393342799997
-0.494460458999
-0.390312672762
-0.497954857315
-0.386310105617
-0.502622455552
-0.380881079735
-0.50907460145
-0.373189414887
-0.518506084306
-0.361489445503
-0.533651979129
-0.341330605285
-0.5627357779
-0.296105141682
-0.651875075911
