-0.651874789356
-0.29610548386
-0.562735083873
-0.341331406525
-0.533650753839
-0.361490826133
-0.518504195508
-0.373191502395
-0.509071909252
-0.38088398925
-0.502618843422
-0.386313863667
-0.497950342101
-0.390316984414
-0.494455511902
-0.393346407987
-0.491788265662
-0.395669112543
-0.489738229377
-0.397451825818
-0.488171182733
-0.398802774974
-0.486998892194
-0.399793652322
-0.486162773532
-0.400471823005
-0.485624649285
-0.400867317197
-0.48536144413
-0.400996803321
-0.485362262957
-0.400865634991
-0.485627086842
-0.400468483377
-0.486166771716
-0.399788705269
-0.487004350288
-0.398796294997
-0.488177955233
-0.39744390528
-0.489746131395
-0.395659837851
-0.491797100006
-0.393335798199
-0.494465073042
-0.390305053839
-0.49795865055
-0.386301576877
-0.502626798002
-0.380874168463
-0.509084366303
-0.373184974222
-0.518517729725
-0.361479376175
-0.533662500005
-0.341324103596
-0.562741678323
-0.296102404541
-0.651877400131
