-0.651874887606
-0.296105366153
-0.562735338236
-0.341331110601
-0.533651239863
-0.361490272258
-0.518505010678
-0.373190588063
-0.509073177195
-0.38088259113
-0.502620709214
-0.386311858312
-0.497952940651
-0.390314324714
-0.494458858597
-0.39334335397
-0.491791939974
-0.395666860623
-0.489740617249
-0.397453934423
-0.488169149611
-0.398815196192
-0.487008805761
-0.399780173624
-0.486144446034
-0.400458342533
-0.485632570097
-0.400881212184
-0.485355220674
-0.401002751237
-0.485359680062
-0.400867865203
-0.485625727824
-0.400470186891
-0.486164986233
-0.39979121693
-0.487001488396
-0.398800117853
-0.488173832835
-0.3974492036
-0.489740774394
-0.395666652168
-0.491790618933
-0.393344179769
-0.494457621389
-0.390315030107
-0.49795217571
-0.386312207526
-0.50262038302
-0.380882642623
-0.509073148051
-0.373190465752
-0.518505136869
-0.361490089953
-0.533651410854
-0.34133095143
-0.562735479776
-0.296105279657
-0.651874960667
