-0.651877434795
-0.296102362424
-0.562741812559
-0.34132394541
-0.533662826
-0.361479010109
-0.518518183845
-0.373184484058
-0.509084957349
-0.380873548354
-0.502627523193
-0.386300844162
-0.49795949655
-0.390304238519
-0.494465985235
-0.393334891057
-0.491798098001
-0.395658822397
-0.489747226649
-0.397442754972
-0.488179173615
-0.3987949739
-0.487005728053
-0.399787176433
-0.486168345619
-0.400466718623
-0.485628883829
-0.400863623376
-0.485364291923
-0.400994556718
-0.485363691192
-0.400864871932
-0.485627077394
-0.400469237892
-0.486165323383
-0.399791002195
-0.487001484816
-0.398800142361
-0.488173736279
-0.397449288793
-0.48974066976
-0.395666738154
-0.491790531215
-0.393344249817
-0.494457554665
-0.390315082319
-0.497952127536
-0.386312244456
-0.502620349535
-0.38088266764
-0.509073125633
-0.373190481897
-0.518505122555
-0.361490099674
-0.533651402345
-0.34133095661
-0.562735475328
-0.296105281715
-0.651874958949
