-0.651876559304
-0.296103378444
-0.562739628083
-0.34132623297
-0.533659214389
-0.361481720688
-0.518517301502
-0.37317918152
-0.509084473531
-0.380878581957
-0.502630512155
-0.38630556807
-0.49795765752
-0.390306187795
-0.4944630684
-0.393334892943
-0.491798117362
-0.395658711319
-0.48974724704
-0.397442744931
-0.488179148687
-0.398794997859
-0.487005693913
-0.399787205294
-0.486168315044
-0.400466743755
-0.485628859508
-0.400863643185
-0.485364273449
-0.400994571707
-0.485363677445
-0.400864883062
-0.485627067266
-0.400469246075
-0.486165315965
-0.399791008172
-0.487001479408
-0.398800146704
-0.488173732354
-0.397449291929
-0.489740666929
-0.395666740401
-0.491790529189
-0.393344251411
-0.494457553231
-0.390315083433
-0.497952126535
-0.38631224522
-0.502620348851
-0.38088266815
-0.509073125179
-0.373190482224
-0.518505122265
-0.361490099871
-0.533651402173
-0.341330956715
-0.562735475238
-0.296105281757
-0.651874958915
