-0.651874809157
-0.296105460126
-0.562735135166
-0.34133134676
-0.533650852027
-0.361490713822
-0.518504360939
-0.373191315289
-0.509072169231
-0.380883697367
-0.50261923467
-0.386313426663
-0.497950913963
-0.390316348149
-0.494456330516
-0.393345500194
-0.491789419179
-0.395667837805
-0.489739833901
-0.397450061009
-0.488173387315
-0.398800369169
-0.487001877255
-0.399790443335
-0.486166724714
-0.400467709299
-0.485629631811
-0.400862552888
-0.485366620588
-0.400993783114
-0.485358146505
-0.400871512695
-0.485625551614
-0.400477743928
-0.486165314289
-0.399797614691
-0.486998736495
-0.398796574629
-0.488179939435
-0.397443828264
-0.489746463875
-0.395662050425
-0.491795055456
-0.393340662703
-0.494460888905
-0.390312481395
-0.497954499854
-0.386310428405
-0.502621987132
-0.380881444938
-0.509074218444
-0.373189695114
-0.518505819312
-0.361489626575
-0.533651816253
-0.341330704661
-0.562735691628
-0.29610518163
-0.651875042455
