-0.651874848339
-0.296105413182
-0.562735236612
-0.341331228722
-0.533651045898
-0.361490492814
-0.518504686235
-0.373190950148
-0.509072675679
-0.380883138
-0.502619981453
-0.386312621102
-0.497951958804
-0.39031526973
-0.494457690546
-0.393344231085
-0.491790954128
-0.395666803709
-0.48974092878
-0.397450647654
-0.488172225563
-0.398806272482
-0.486995274941
-0.399807409801
-0.486171710079
-0.400459113576
-0.48560466846
-0.400854956936
-0.485368560978
-0.401012583569
-0.485354688507
-0.40087303608
-0.485623319928
-0.400472004814
-0.486164268107
-0.399791703328
-0.487001404522
-0.398800147043
-0.488173940804
-0.397449102887
-0.489740915411
-0.395666534943
-0.491790743043
-0.393344080248
-0.494457717607
-0.390314954681
-0.497952245768
-0.386312153776
-0.502620431909
-0.380882606083
-0.509073180844
-0.373190442132
-0.518505157827
-0.361490075721
-0.533651423317
-0.341330943844
-0.562735486292
-0.296105276642
-0.651874963182
