-0.651874792937
-0.296105479567
-0.562735093151
-0.341331395714
-0.533650771599
-0.361490805817
-0.518504225433
-0.373191468546
-0.509071956285
-0.380883936434
-0.502618914222
-0.386313784553
-0.49795044564
-0.390316869113
-0.49445566028
-0.393346243158
-0.491788475202
-0.395668880186
-0.489738522109
-0.397451501664
-0.488171588384
-0.398802326381
-0.486999450773
-0.399793035696
-0.486163538485
-0.400470981112
-0.485625690667
-0.400866177923
-0.485362849621
-0.400995285062
-0.485364128553
-0.400863677826
-0.485629453052
-0.400466211598
-0.486169083834
-0.39978770927
-0.486999085242
-0.398801898998
-0.488173980919
-0.397453201186
-0.489743885797
-0.395670317171
-0.491792515807
-0.393337431962
-0.494466736489
-0.390307504665
-0.497959795632
-0.386306308379
-0.502625939152
-0.380878475442
-0.509076946912
-0.373187725125
-0.518507585928
-0.361488425581
-0.533652872816
-0.341330061222
-0.562736245274
-0.296104925411
-0.651875256394
