-0.651875334947
-0.296104830558
-0.562736495499
-0.341329766802
-0.533653446056
-0.361487769784
-0.518508689995
-0.373186505288
-0.509078825055
-0.380876514955
-0.50262875838
-0.386303731096
-0.49796298607
-0.390306301543
-0.494462288911
-0.393345619133
-0.491795878497
-0.395667722485
-0.489742648517
-0.39744808458
-0.488173803426
-0.398794998056
-0.487006605242
-0.399786201126
-0.486169372546
-0.400465872406
-0.485629685799
-0.400862973107
-0.485364891162
-0.400994071551
-0.485364133391
-0.40086451428
-0.485627401795
-0.400468975926
-0.486165560468
-0.399790811193
-0.487001657483
-0.398800003736
-0.4881738615
-0.397449188747
-0.489740760058
-0.395666666487
-0.491790595826
-0.393344198996
-0.494457600407
-0.390315046775
-0.497952159451
-0.38631222007
-0.502620371357
-0.380882651361
-0.509073140129
-0.373190471465
-0.518505131777
-0.361490093413
-0.533651407819
-0.341330953279
-0.562735478187
-0.296105280392
-0.651874960053
