-0.651874824086
-0.296105442238
-0.562735173822
-0.341331301778
-0.533650925907
-0.361490629585
-0.51850448493
-0.373191176055
-0.509072362366
-0.380883483864
-0.50261951977
-0.386313118531
-0.497951313821
-0.390315933622
-0.494456853921
-0.393345006125
-0.49179001874
-0.39566741477
-0.489740288467
-0.397450213415
-0.488172993705
-0.398802546198
-0.486998765996
-0.399798300239
-0.48615783931
-0.400486594597
-0.485632585698
-0.400855386434
-0.485340170761
-0.400985560192
-0.485368557246
-0.400882942522
-0.485618475186
-0.400477060551
-0.486162069597
-0.399793339259
-0.487000890052
-0.398800464676
-0.488174022131
-0.397448998963
-0.489741146945
-0.395666336666
-0.491790972475
-0.393343894569
-0.494457903005
-0.390314808807
-0.497952383169
-0.386312048186
-0.50262052857
-0.380882533785
-0.509073245923
-0.373190395241
-0.51850519949
-0.361490047422
-0.533651448112
-0.341330928749
-0.562735499258
-0.296105270642
-0.65187496819
