-0.651874789467
-0.296105483727
-0.56273508416
-0.34133140619
-0.533650754388
-0.361490825505
-0.518504196433
-0.373191501349
-0.509071910706
-0.380883987617
-0.502618845611
-0.386313861221
-0.497950345302
-0.390316980849
-0.494455516489
-0.393346402889
-0.491788272142
-0.395669105354
-0.489738238435
-0.397451815778
-0.4881711953
-0.398802761053
-0.486998909536
-0.399793633114
-0.486162797382
-0.400471796587
-0.485624682019
-0.400867280934
-0.485361489018
-0.400996753603
-0.485362324493
-0.400865566912
-0.485627171158
-0.400468390425
-0.486166886961
-0.399788579334
-0.487004506543
-0.398796127762
-0.488178162422
-0.397443694384
-0.4897463903
-0.395659608126
-0.491797374791
-0.39333565898
-0.494465293719
-0.390305138927
-0.497960497061
-0.386301128682
-0.502629123386
-0.380870708037
-0.50908314072
-0.37317644088
-0.51851539091
-0.361478898709
-0.533664957594
-0.341323544471
-0.562747062113
-0.296099668395
-0.651880375903
