-0.65187520888
-0.296104982271
-0.562736167371
-0.3413301536
-0.533652809019
-0.361488518878
-0.518507579625
-0.373187836989
-0.509076948872
-0.380878869645
-0.502625531221
-0.38630804913
-0.497957485512
-0.390313753012
-0.494459683817
-0.393352922629
-0.49180086698
-0.395653673446
-0.489727070714
-0.397435252249
-0.488181135131
-0.398808967466
-0.48699820832
-0.39979382647
-0.486164820735
-0.400469374461
-0.48562745746
-0.400864673326
-0.485363713386
-0.400994983223
-0.485363446319
-0.400865054047
-0.485626966248
-0.400469321624
-0.486165268027
-0.399791044522
-0.48700145427
-0.398800166035
-0.488173717797
-0.397449303245
-0.489740657798
-0.395666747533
-0.491790523157
-0.393344256114
-0.494457549141
-0.390315086597
-0.497952123745
-0.386312247348
-0.502620346964
-0.380882669556
-0.509073123932
-0.373190483121
-0.518505121474
-0.361490100408
-0.533651401705
-0.341330957
-0.562735474994
-0.29610528187
-0.65187495882
