-0.651874789359
-0.296105483856
-0.562735083881
-0.341331406515
-0.533650753854
-0.361490826115
-0.518504195534
-0.373191502366
-0.509071909293
-0.380883989204
-0.502618843483
-0.386313863598
-0.49795034219
-0.390316984314
-0.494455512029
-0.393346407846
-0.491788265841
-0.395669112347
-0.489738229623
-0.397451825552
-0.488171183064
-0.398802774624
-0.486998892623
-0.399793651893
-0.48616277405
-0.400471822553
-0.485624649804
-0.400867316943
-0.485361444338
-0.400996803937
-0.485362261911
-0.400865638389
-0.485627081883
-0.400468494835
-0.486166755485
-0.399788739282
-0.487004302498
-0.398796391611
-0.488177819524
-0.397444176568
-0.489745750027
-0.395660600667
-0.491796046789
-0.393337912658
-0.494462589594
-0.390309929562
-0.497960718269
-0.386296616491
-0.502621895898
-0.380869366954
-0.509086345269
-0.373187291166
-0.518516827473
-0.361481652585
-0.533661436659
-0.341324691595
-0.562741431804
-0.296102506352
-0.651877350061
