-0.651874789852
-0.296105483266
-0.562735085157
-0.341331405029
-0.533650756296
-0.361490823322
-0.518504199648
-0.373191497714
-0.509071915756
-0.380883981953
-0.502618853202
-0.386313852757
-0.497950356373
-0.390316968575
-0.494455532266
-0.39334638552
-0.491788294172
-0.395669081358
-0.489738268523
-0.397451783639
-0.488171235132
-0.398802720165
-0.486998959407
-0.399793586469
-0.486162852467
-0.400471758238
-0.485624722056
-0.400867296224
-0.485361450407
-0.400996953362
-0.485362025849
-0.40086631171
-0.485626119867
-0.400470644835
-0.486163846186
-0.399794734225
-0.48699752309
-0.398809651779
-0.488180201008
-0.39743603274
-0.48972622957
-0.395654431793
-0.491800130057
-0.393353786176
-0.494458851436
-0.39031418467
-0.49795712395
-0.386308086598
-0.502625537792
-0.380878669668
-0.509077161005
-0.373187539861
-0.51850786554
-0.361488227818
-0.533653076458
-0.34132993566
-0.562736359643
-0.296104872294
-0.651875301569
