-0.651875050645
-0.296105171121
-0.562735759569
-0.341330622647
-0.533652040513
-0.361489370012
-0.518506335189
-0.373189140531
-0.509075171946
-0.380880519545
-0.502623431116
-0.386309336855
-0.497956074747
-0.390312353061
-0.494461002696
-0.39334511122
-0.491790152399
-0.395677908426
-0.489749985894
-0.397436945358
-0.488157253598
-0.398787150994
-0.487008254348
-0.399802744145
-0.486160038141
-0.400474131168
-0.4856250164
-0.400866537761
-0.485362778618
-0.400995662838
-0.485363120329
-0.40086528584
-0.485626866569
-0.400469389861
-0.486165248094
-0.399791055943
-0.487001459756
-0.398800159893
-0.488173729292
-0.397449293416
-0.489740668886
-0.395666738498
-0.491790532117
-0.393344248982
-0.494457555854
-0.390315081352
-0.497952128558
-0.386312243661
-0.502620350299
-0.380882667066
-0.509073126161
-0.373190481516
-0.518505122897
-0.361490099442
-0.53365140255
-0.341330956486
-0.562735475435
-0.296105281666
-0.651874958991
