-0.651874795253
-0.296105476792
-0.56273509915
-0.341331388727
-0.533650783077
-0.361490792701
-0.518504244749
-0.373191446745
-0.509071986562
-0.380883902594
-0.502618959533
-0.386313734414
-0.497950511099
-0.390316797669
-0.494455751745
-0.393346145673
-0.491788597781
-0.395668755675
-0.489738675232
-0.397451363132
-0.488171751561
-0.39880222914
-0.486999544547
-0.399793153342
-0.486163320541
-0.400471805443
-0.485624490254
-0.400869025449
-0.485358992735
-0.401003361403
-0.485355052542
-0.400881419908
-0.485632003278
-0.400458765157
-0.486143966131
-0.399780609634
-0.487008420121
-0.39881585167
-0.4881685013
-0.397454099441
-0.489740537258
-0.395666512324
-0.491792349604
-0.39334266112
-0.494459571982
-0.390313457029
-0.497953793572
-0.386310952034
-0.502621576085
-0.380881746513
-0.509073968409
-0.373189873587
-0.518505667059
-0.361489729562
-0.533651727688
-0.341330758491
-0.562735645744
-0.296105202851
-0.651875024792
