-0.651874789471
-0.296105483723
-0.56273508417
-0.341331406178
-0.533650754408
-0.361490825482
-0.518504196466
-0.373191501312
-0.509071910758
-0.380883987561
-0.502618845686
-0.386313861143
-0.497950345402
-0.390316980755
-0.494455516604
-0.393346402811
-0.491788272226
-0.395669105398
-0.489738238335
-0.397451816261
-0.488171194573
-0.398802762855
-0.486998906963
-0.399793638609
-0.486162789687
-0.40047181209
-0.485624660504
-0.400867323137
-0.485361430698
-0.400996866573
-0.485362168636
-0.400865867277
-0.485626756993
-0.400469188003
-0.486165790807
-0.39979069385
-0.487001669901
-0.398801602835
-0.488171873536
-0.397455592069
-0.489747685326
-0.395652570947
-0.491779402258
-0.3933313605
-0.494468121951
-0.390321766858
-0.49795614045
-0.386309087649
-0.502627202775
-0.380877232279
-0.509079301567
-0.373185930386
-0.518509547392
-0.36148706815
-0.533654159084
-0.341329273073
-0.562736943087
-0.296104601886
-0.651875529086
