-0.651874789319
-0.296105483905
-0.562735083777
-0.341331406636
-0.533650753655
-0.361490826343
-0.518504195198
-0.373191502746
-0.509071908765
-0.380883989797
-0.502618842689
-0.386313864486
-0.497950341028
-0.39031698561
-0.494455510362
-0.393346409702
-0.491788263481
-0.395669114973
-0.489738226311
-0.397451829243
-0.488171178437
-0.398802779808
-0.486998886148
-0.399793659217
-0.486162764907
-0.40047183308
-0.485624636628
-0.40086733259
-0.485361424621
-0.400996828544
-0.485362230535
-0.400865680426
-0.485627027371
-0.400468574501
-0.486166650127
-0.39978890755
-0.487004075762
-0.398796782367
-0.488177286653
-0.397445148477
-0.489744445458
-0.395663066502
-0.491793285846
-0.393343089318
-0.494465627283
-0.390299598543
-0.497949079543
-0.386298740372
-0.50263279246
-0.380882806061
-0.509082646953
-0.37318320048
-0.518514859023
-0.361483255632
-0.533658280882
-0.341326720287
-0.562739304134
-0.29610350411
-0.651876467106
