-0.651874809304
-0.296105459952
-0.562735135541
-0.341331346344
-0.533650852704
-0.361490713145
-0.518504361906
-0.373191314553
-0.509072170137
-0.380883697539
-0.502619234052
-0.386313431031
-0.497950907048
-0.390316366673
-0.494456303143
-0.393345561356
-0.491789331371
-0.395668020325
-0.489739576124
-0.397450577736
-0.48817266572
-0.398801785887
-0.486999922843
-0.39979422845
-0.486161669926
-0.400477370065
-0.485618672924
-0.400882773405
-0.485368368484
-0.400985640654
-0.48534006914
-0.400855485689
-0.485632573495
-0.400486944441
-0.486157474965
-0.399798155129
-0.486999001931
-0.398801834585
-0.488173778108
-0.397449096308
-0.489741434732
-0.395666069257
-0.491791352101
-0.39334358176
-0.494458234545
-0.390314546233
-0.497952636498
-0.38631185297
-0.502620709208
-0.38088239851
-0.509073368296
-0.373190307021
-0.518505278053
-0.361489994048
-0.533651494923
-0.341330900248
-0.562735523751
-0.296105259308
-0.651874977649
