-0.651874789491
-0.296105483699
-0.562735084222
-0.341331406118
-0.533650754506
-0.361490825369
-0.518504196633
-0.373191501123
-0.50907191102
-0.380883987265
-0.502618846084
-0.386313860692
-0.497950345994
-0.390316980078
-0.494455517481
-0.393346401788
-0.491788273543
-0.395669103799
-0.489738240394
-0.397451813607
-0.488171198017
-0.398802758042
-0.486998913287
-0.399793628957
-0.486162802544
-0.400471790862
-0.485624689115
-0.400867273056
-0.485361498775
-0.400996742751
-0.48536233794
-0.400865551917
-0.48562718977
-0.40046836959
-0.486166912901
-0.399788550126
-0.487004543082
-0.398796086246
-0.488178214728
-0.397443634084
-0.489746467059
-0.395659517479
-0.491797491895
-0.393335515018
-0.494465483431
-0.390304890189
-0.497960830232
-0.386300650485
-0.502629716709
-0.380869793975
-0.509083051809
-0.373176975821
-0.51851599272
-0.361479130344
-0.533664840173
-0.34132308661
-0.562747620366
-0.296099239509
-0.651880503382
