-0.651874789333
-0.296105483887
-0.562735083814
-0.341331406593
-0.533650753726
-0.361490826262
-0.518504195318
-0.37319150261
-0.509071908953
-0.380883989586
-0.502618842971
-0.386313864172
-0.497950341439
-0.390316985156
-0.494455510944
-0.393346409065
-0.491788264287
-0.395669114107
-0.489738227393
-0.397451828123
-0.488171179813
-0.398802778494
-0.486998887714
-0.399793658041
-0.486162766182
-0.400471833144
-0.485624636061
-0.400867337105
-0.485361417746
-0.400996846395
-0.485362205039
-0.400865735718
-0.485626949866
-0.40046873226
-0.486166430551
-0.399789343374
-0.487003473304
-0.398797967412
-0.488175700567
-0.397448254269
-0.489741079952
-0.395669454521
-0.491798085403
-0.39332930198
-0.494450238717
-0.390301758463
-0.497963658911
-0.386315755605
-0.50262717837
-0.380877293859
-0.509081655259
-0.373184054392
-0.518511952656
-0.361485382466
-0.533655832215
-0.34132824397
-0.5627378692
-0.296104172065
-0.65187589326
