-0.65187479068
-0.296105482273
-0.562735087303
-0.341331402528
-0.533650760404
-0.361490818624
-0.518504206568
-0.373191489891
-0.509071926626
-0.380883969759
-0.502618869544
-0.386313834535
-0.497950380208
-0.390316942146
-0.494455566239
-0.393346348104
-0.491788341631
-0.395669029631
-0.489738333397
-0.397451714245
-0.48817132117
-0.398802631572
-0.486999067563
-0.399793484501
-0.48616297321
-0.400471671511
-0.48562481407
-0.400867317908
-0.485361383506
-0.400997351925
-0.485361435269
-0.400867811141
-0.485624113808
-0.400474965442
-0.486159508387
-0.399803293729
-0.487007405649
-0.39878784279
-0.488156494549
-0.397437631488
-0.48974932693
-0.395678745312
-0.491789338829
-0.393345491549
-0.494460698023
-0.390312294787
-0.497956183079
-0.386309002973
-0.502623779791
-0.380880062268
-0.509075616316
-0.373188675863
-0.518506770149
-0.361488977684
-0.53365239673
-0.341330350654
-0.562735998286
-0.296105039652
-0.651875161271
