-0.651874865012
-0.296105393178
-0.562735279852
-0.341331178205
-0.53365112894
-0.361490397202
-0.518504827275
-0.373190788297
-0.509072901326
-0.380882876911
-0.502620333952
-0.386312203399
-0.497952513232
-0.390314582264
-0.494458598085
-0.393343024081
-0.491792552946
-0.395664482254
-0.489744021282
-0.397445755212
-0.4881786405
-0.398795513018
-0.487007136261
-0.399787927135
-0.486161596149
-0.40047621907
-0.485626366124
-0.40087413849
-0.485362009754
-0.401002188697
-0.485358419543
-0.400863487584
-0.485630795634
-0.400465767933
-0.486169145835
-0.399787848367
-0.487004572467
-0.398797639704
-0.488176083892
-0.397447404174
-0.489742402909
-0.395665359253
-0.491791786135
-0.393343261517
-0.494458448434
-0.3903143874
-0.497952753008
-0.386311766408
-0.50262077783
-0.380882348096
-0.509073410345
-0.373190276985
-0.518505303757
-0.361489976655
-0.533651509903
-0.341330891142
-0.562735531518
-0.296105255716
-0.65187498064
