-0.651874950543
-0.296105290817
-0.562735501006
-0.341330921734
-0.533651549885
-0.361489921242
-0.518505526531
-0.37319001802
-0.509073964873
-0.380881751343
-0.502621820338
-0.386310755009
-0.497954339613
-0.390313172977
-0.494460214249
-0.393342989012
-0.491792149585
-0.395669612852
-0.489738036866
-0.397462592389
-0.488182039702
-0.398788561827
-0.486982578761
-0.399779073317
-0.486171451215
-0.400483485733
-0.48562005206
-0.400871559248
-0.48536025319
-0.400997591582
-0.485362196091
-0.400865950363
-0.485626581708
-0.400469585329
-0.486165191766
-0.399791088021
-0.487001476372
-0.398800141546
-0.488173763028
-0.397449264605
-0.489740701287
-0.395666712104
-0.491790558265
-0.393344228173
-0.494457575431
-0.390315066055
-0.497952142591
-0.386312232911
-0.502620360019
-0.380882659805
-0.509073132659
-0.373190476837
-0.518505127042
-0.361490096627
-0.533651405013
-0.341330954986
-0.562735476723
-0.29610528107
-0.651874959488
