-0.651876446695
-0.29610352759
-0.562739298675
-0.341326721601
-0.533658368286
-0.361483145607
-0.518515155793
-0.373182856942
-0.509083263425
-0.380882141554
-0.502633479331
-0.386298028617
-0.497949890785
-0.390298795804
-0.494466552507
-0.393342242635
-0.491794210798
-0.395662118786
-0.489745474446
-0.397444052388
-0.488178454702
-0.398795501749
-0.487005416662
-0.399787408341
-0.486168197248
-0.400466831312
-0.485628804914
-0.400863684496
-0.485364245366
-0.400994593355
-0.485363661394
-0.400864895635
-0.485627057242
-0.400469254015
-0.4861653093
-0.399791013483
-0.487001474803
-0.398800150378
-0.488173729109
-0.397449294514
-0.489740664624
-0.395666742228
-0.491790527553
-0.393344252697
-0.494457552077
-0.39031508433
-0.497952125732
-0.386312245834
-0.502620348302
-0.38088266856
-0.509073124814
-0.373190482486
-0.518505122033
-0.361490100028
-0.533651402036
-0.341330956798
-0.562735475167
-0.29610528179
-0.651874958887
