-0.651874791033
-0.29610548185
-0.562735088217
-0.341331401463
-0.533650762154
-0.361490816621
-0.518504209519
-0.373191486547
-0.509071931273
-0.380883964521
-0.502618876571
-0.386313826623
-0.497950390581
-0.390316930422
-0.494455581384
-0.393346330789
-0.491788363804
-0.395669003682
-0.489738366535
-0.397451673847
-0.48817137294
-0.398802564392
-0.486999154486
-0.399793362134
-0.486163133734
-0.400471424877
-0.485625142313
-0.400866773294
-0.485362116645
-0.400996064513
-0.485363175424
-0.400864642075
-0.485628310516
-0.400467182851
-0.486168349116
-0.399787158716
-0.487005862209
-0.398795735232
-0.488172831945
-0.397448897248
-0.489741752625
-0.395668516585
-0.491795094037
-0.393346364229
-0.494461577155
-0.390307066176
-0.49796227197
-0.386304097437
-0.502628455029
-0.380876554552
-0.509078819156
-0.373186366301
-0.518508834743
-0.361487574751
-0.533653629188
-0.341329600206
-0.56273664363
-0.296104741009
-0.651875410584
