-0.651878744262
-0.296100905704
-0.562744898709
-0.341321325594
-0.533665149257
-0.36148252743
-0.518518351488
-0.373179567351
-0.509082266793
-0.380869324481
-0.502629423896
-0.386299962243
-0.497961402301
-0.390304256982
-0.494466146326
-0.393334806685
-0.491798284181
-0.395658666014
-0.489747406832
-0.397442607768
-0.48817931936
-0.39879485613
-0.48700583846
-0.39978708741
-0.486168427215
-0.400466652799
-0.485628943584
-0.400863575126
-0.485364335553
-0.400994521467
-0.485363723025
-0.400864846216
-0.48562710061
-0.400469219157
-0.486165340298
-0.399790988572
-0.487001497115
-0.398800132488
-0.488173745191
-0.397449281673
-0.489740676184
-0.395666733056
-0.491790535811
-0.393344246202
-0.494457557918
-0.390315079791
-0.497952129806
-0.386312242722
-0.502620351087
-0.380882666482
-0.509073126664
-0.373190481155
-0.51850512321
-0.361490099229
-0.533651402734
-0.341330956373
-0.562735475531
-0.296105281621
-0.651874959028
