-0.651875846079
-0.296104227552
-0.562737794653
-0.341328325174
-0.533655789151
-0.361485418861
-0.518512040124
-0.373183936661
-0.509082008072
-0.38087688509
-0.50262790748
-0.386314981734
-0.497964409225
-0.390300987169
-0.494451105438
-0.393328464119
-0.491799057322
-0.395668616452
-0.489741971823
-0.397447289132
-0.488176738925
-0.398796794094
-0.487004713834
-0.399787925424
-0.48616790328
-0.400467049123
-0.485628672921
-0.40086378379
-0.485364180088
-0.400994643349
-0.485363625494
-0.400864923596
-0.485627035508
-0.400469271162
-0.486165295153
-0.399791024729
-0.487001465155
-0.398800158067
-0.488173722358
-0.397449299886
-0.489740659847
-0.395666746011
-0.491790524169
-0.393344255356
-0.494457549693
-0.390315086181
-0.497952124073
-0.386312247102
-0.502620347169
-0.380882669405
-0.509073124062
-0.373190483028
-0.518505121555
-0.361490100353
-0.533651401752
-0.341330956971
-0.562735475018
-0.296105281859
-0.65187495883
