-0.651880586062
-0.296099141431
-0.562747813823
-0.341322865917
-0.533665163632
-0.361478774047
-0.518516455088
-0.373176481434
-0.509083652826
-0.38086917016
-0.502630447565
-0.386299913471
-0.497961672808
-0.39030405535
-0.494466417976
-0.39333458749
-0.491798509373
-0.395658486282
-0.489747576718
-0.3974424723
-0.48817944346
-0.398794756891
-0.487005928261
-0.399787015353
-0.48616849213
-0.400466600557
-0.485628990598
-0.40086353721
-0.485364369686
-0.400994493907
-0.485363747854
-0.400864826164
-0.48562711869
-0.400469204568
-0.48616535346
-0.399790977973
-0.487001506682
-0.398800124809
-0.488173752122
-0.397449276136
-0.489740681179
-0.395666729092
-0.491790539384
-0.393344243392
-0.494457560448
-0.390315077826
-0.497952131571
-0.386312241373
-0.502620352294
-0.380882665582
-0.509073127466
-0.373190480578
-0.51850512372
-0.361490098883
-0.533651403037
-0.341330956189
-0.56273547569
-0.296105281548
-0.651874959089
