-0.65187479614
-0.296105475729
-0.562735101446
-0.341331386048
-0.533650787479
-0.361490787652
-0.518504252189
-0.373191438282
-0.509071998337
-0.380883889215
-0.502618977518
-0.386313713835
-0.497950538189
-0.390316766082
-0.494455792858
-0.393346095967
-0.49178866229
-0.395668672966
-0.489738783095
-0.397451213318
-0.488171949009
-0.398801929337
-0.486999944587
-0.399792495245
-0.486164207395
-0.400470257398
-0.485626581717
-0.400865236722
-0.485363998443
-0.400994138539
-0.485365481781
-0.400862565556
-0.485630297642
-0.400466917355
-0.486161649156
-0.399794643812
-0.487001025238
-0.398805890929
-0.488175747379
-0.39745410695
-0.489740834609
-0.395661088986
-0.49179870469
-0.393337344395
-0.494464657489
-0.390309478747
-0.497957453624
-0.386308149241
-0.502624112528
-0.380879852234
-0.509075664216
-0.373188652492
-0.518506749243
-0.361488994708
-0.533652370814
-0.341330367004
-0.562735981883
-0.296105047312
-0.651875154572
