-0.651874789342
-0.296105483877
-0.562735083837
-0.341331406567
-0.53365075377
-0.361490826212
-0.518504195392
-0.373191502527
-0.509071909069
-0.380883989455
-0.502618843147
-0.386313863974
-0.497950341699
-0.390316984862
-0.494455511325
-0.393346408627
-0.491788264848
-0.395669113445
-0.48973822824
-0.397451827076
-0.488171181159
-0.398802776712
-0.48699889003
-0.399793654705
-0.486162770578
-0.40047182624
-0.485624645289
-0.400867321527
-0.485361438802
-0.400996808967
-0.485362256053
-0.400865641955
-0.485627078444
-0.400468490838
-0.486166763089
-0.399788709829
-0.487004346384
-0.398796285717
-0.488177971615
-0.397443850689
-0.489746206068
-0.395659671281
-0.491797177893
-0.393335752365
-0.494462133911
-0.390306999422
-0.497956831354
-0.38630628997
-0.502629813157
-0.380879190116
-0.509083900845
-0.373179688866
-0.518516841708
-0.361481963413
-0.533659006856
-0.341326306937
-0.562739568106
-0.296103385392
-0.651876554224
