-0.651874789416
-0.296105483789
-0.562735084027
-0.341331406345
-0.533650754134
-0.361490825795
-0.518504196005
-0.373191501833
-0.509071910034
-0.380883988372
-0.502618844599
-0.386313862351
-0.497950343823
-0.390316982496
-0.494455514369
-0.393346405245
-0.491788269147
-0.395669108677
-0.489738234248
-0.39745182042
-0.488171189488
-0.398802767494
-0.486998901511
-0.399793642012
-0.486162786331
-0.400471808852
-0.485624666813
-0.400867297843
-0.485361468066
-0.400996776978
-0.485362295505
-0.400865599428
-0.485627130738
-0.400468436178
-0.486166829831
-0.399788645003
-0.487004423945
-0.398796225215
-0.488178038447
-0.397443847111
-0.489746192728
-0.395659868358
-0.491797030838
-0.393336155523
-0.494464629552
-0.390306201187
-0.497959217221
-0.386303304908
-0.502629533482
-0.380867462621
-0.509079304541
-0.373177909208
-0.518518826527
-0.361484095
-0.53366413385
-0.341322757687
-0.562744282262
-0.296101138457
-0.651878649364
