-0.651875040737
-0.296105182626
-0.562735734858
-0.341330648668
-0.533651998712
-0.361489405163
-0.518506287597
-0.373189147182
-0.509075178185
-0.380880355759
-0.502623702047
-0.386308550551
-0.497957257708
-0.390309629833
-0.494464845276
-0.39333708089
-0.491799381325
-0.395660370126
-0.489741407394
-0.397453490404
-0.488176364926
-0.398805259288
-0.487001750663
-0.399794021841
-0.48616243568
-0.400466441566
-0.485630747148
-0.400861748584
-0.485366369251
-0.400992833903
-0.485365372557
-0.400863501141
-0.485628360782
-0.400468197363
-0.486166280021
-0.399790229893
-0.487002188599
-0.398799576723
-0.488174249333
-0.397448878657
-0.489741040718
-0.395666443652
-0.491790797008
-0.39334404072
-0.494457742968
-0.390314935989
-0.497952258965
-0.386312144031
-0.502620439415
-0.38088260059
-0.509073185344
-0.373190438924
-0.518505160546
-0.361490073882
-0.533651424893
-0.341330942886
-0.562735487107
-0.296105276265
-0.651874963496
