-0.65187478943
-0.296105483771
-0.562735084065
-0.341331406301
-0.533650754206
-0.361490825713
-0.518504196126
-0.373191501696
-0.509071910224
-0.380883988158
-0.502618844885
-0.386313862032
-0.497950344241
-0.39031698203
-0.494455514969
-0.393346404579
-0.491788269995
-0.395669107736
-0.489738235433
-0.397451819105
-0.488171191135
-0.398802765667
-0.486998903788
-0.399793639481
-0.486162789476
-0.400471805346
-0.485624671165
-0.400867292963
-0.485361474127
-0.400996770109
-0.485362304059
-0.400865589553
-0.485627143107
-0.400468421441
-0.486166848476
-0.399788621635
-0.48700445397
-0.398796184713
-0.488178091601
-0.39744376846
-0.489746298555
-0.395659695663
-0.491797268672
-0.39333573203
-0.494465214524
-0.390305088885
-0.497960562984
-0.386300696295
-0.502628692179
-0.380869948125
-0.509081666793
-0.373180061236
-0.518517890681
-0.36148288326
-0.533664827194
-0.341321549394
-0.56274470404
-0.296100980209
-0.651878682117
