-0.651874903314
-0.296105347274
-0.562735379056
-0.341331062668
-0.533651318738
-0.361490180349
-0.518505146615
-0.37319042802
-0.509073401627
-0.380882318221
-0.502621081857
-0.386311377337
-0.497953591187
-0.3903134104
-0.494460096858
-0.393341440817
-0.491794538258
-0.395662512269
-0.489746403863
-0.397443803225
-0.488180426017
-0.398796060516
-0.486999018602
-0.399797264246
-0.486165630506
-0.400477397974
-0.485625974478
-0.400871184927
-0.485358618153
-0.400993643483
-0.485366733279
-0.400861971599
-0.485630295238
-0.400466574366
-0.486167935131
-0.39978887786
-0.487003479271
-0.398798533404
-0.488175217279
-0.397448102609
-0.489741750622
-0.395665879223
-0.491791309339
-0.393343637375
-0.494458107253
-0.390314652799
-0.497952513687
-0.386311949363
-0.502620613767
-0.380882470514
-0.509073301223
-0.373190355526
-0.51850523429
-0.361490023818
-0.533651468664
-0.341330916244
-0.562735509973
-0.296105265685
-0.651874972323
