-0.651874789499
-0.296105483688
-0.562735084244
-0.341331406092
-0.53365075455
-0.36149082532
-0.518504196706
-0.37319150104
-0.509071911135
-0.380883987136
-0.502618846257
-0.386313860499
-0.497950346246
-0.390316979797
-0.494455517843
-0.393346401385
-0.491788274055
-0.395669103231
-0.48973824111
-0.397451812814
-0.488171199011
-0.398802756941
-0.486998914659
-0.399793627437
-0.486162804431
-0.40047178877
-0.485624691707
-0.400867270181
-0.485361502335
-0.400996738798
-0.485362342835
-0.400865546475
-0.485627196519
-0.40046836208
-0.486166922235
-0.399788539737
-0.487004556039
-0.398796071851
-0.488178232757
-0.397443614188
-0.48974649209
-0.395659490361
-0.491797526128
-0.393335479713
-0.494465527841
-0.390304850698
-0.497960878375
-0.38630063126
-0.502629740153
-0.380869870867
-0.509083207711
-0.373177147736
-0.518516413294
-0.36147805234
-0.533664157286
-0.341321841496
-0.562747450678
-0.296099399669
-0.651882064837
