-0.651874800447
-0.296105470567
-0.562735112601
-0.341331373059
-0.533650808818
-0.36149076328
-0.518504288078
-0.373191397822
-0.509072054513
-0.380883826579
-0.502619061336
-0.386313621554
-0.49795065851
-0.390316636158
-0.494455958726
-0.393345923258
-0.491788878069
-0.395668465675
-0.489739033771
-0.397451022654
-0.488172159148
-0.398801929952
-0.486999868176
-0.399793197763
-0.486163145306
-0.40047304698
-0.485622769212
-0.400873503069
-0.485354707021
-0.40101260289
-0.485368175627
-0.400855213866
-0.485604369773
-0.400459387733
-0.486171503251
-0.399807924154
-0.486994758124
-0.39880628917
-0.488172297538
-0.397450121116
-0.489741522347
-0.395665901176
-0.491791880974
-0.393343127544
-0.494458779834
-0.390314109032
-0.497953077022
-0.386311511861
-0.502621030695
-0.380882157262
-0.50907358835
-0.37319014824
-0.518505419984
-0.361489897587
-0.533651579665
-0.341330848647
-0.562735568126
-0.296105238773
-0.651874994793
