-0.651875593723
-0.296104521606
-0.562737162704
-0.341328998604
-0.533654705115
-0.361486371828
-0.518510735927
-0.373184350641
-0.509081761579
-0.380873780967
-0.50263199936
-0.386302354594
-0.497959074871
-0.390314769936
-0.494464415134
-0.393342808288
-0.491793526379
-0.395663097625
-0.489742459181
-0.397442812299
-0.488179655639
-0.39879437718
-0.487006302164
-0.399786708601
-0.486168767329
-0.40046638002
-0.485629187547
-0.400863378741
-0.485364511651
-0.400994379388
-0.48536385075
-0.400864743102
-0.485627193475
-0.400469144237
-0.486165407852
-0.399790934176
-0.487001546195
-0.398800093095
-0.48817378074
-0.397449253275
-0.489740701802
-0.395666712725
-0.491790554135
-0.393344231789
-0.494457570889
-0.390315069712
-0.497952138855
-0.386312235807
-0.502620357274
-0.380882661867
-0.509073130774
-0.373190478197
-0.518505125825
-0.361490097454
-0.533651404286
-0.341330955429
-0.562735476342
-0.296105281246
-0.651874959341
