-0.651875159919
-0.296105039922
-0.562736043203
-0.341330290556
-0.533652586666
-0.361488737941
-0.518507268674
-0.373188057323
-0.509076686188
-0.380878728747
-0.502625861611
-0.386306346459
-0.497960060402
-0.39030717005
-0.494467453744
-0.393336667617
-0.491793180563
-0.395669615555
-0.489744607348
-0.397452469302
-0.4881748116
-0.398801165314
-0.486999983694
-0.399787089267
-0.486169690055
-0.400465311126
-0.485630420588
-0.400862351076
-0.485365522154
-0.400993555143
-0.485364624132
-0.400864115349
-0.485627771036
-0.400468676958
-0.486165833817
-0.399790590672
-0.487001857882
-0.398799842733
-0.488174007328
-0.397449072194
-0.4897408654
-0.395666582864
-0.491790671269
-0.393344139649
-0.494457653842
-0.390315005252
-0.497952196743
-0.386312191576
-0.502620396858
-0.380882632338
-0.50907315707
-0.373190459273
-0.518505142556
-0.361490086096
-0.533651414216
-0.341330949385
-0.562735481529
-0.296105278846
-0.651874961343
