-0.651874821091
-0.296105445821
-0.562735166083
-0.341331310738
-0.533650911207
-0.36149064614
-0.518504460632
-0.373191202564
-0.509072325849
-0.380883521629
-0.502619470203
-0.386313163891
-0.497951257727
-0.390315966571
-0.494456821155
-0.39334495867
-0.491790106443
-0.39566708545
-0.489740778552
-0.39744904155
-0.488174654336
-0.398799040026
-0.487003507398
-0.399788841044
-0.486168620248
-0.400466204679
-0.485630847358
-0.40086345105
-0.485358134929
-0.401002347993
-0.485361767792
-0.400874315137
-0.485626230044
-0.400476405933
-0.486161494797
-0.399788297248
-0.487006782556
-0.398795387988
-0.488178853848
-0.397445113294
-0.489744724172
-0.395663492296
-0.491793560564
-0.393341856804
-0.494459745456
-0.39031337637
-0.497953672286
-0.386311062938
-0.502621411218
-0.380881875262
-0.509073832645
-0.373189972968
-0.518505572897
-0.361489793915
-0.533651669756
-0.34133079384
-0.562735615047
-0.296105217065
-0.651875012887
