-0.651874838849
-0.296105424536
-0.562735212083
-0.341331257147
-0.53365099925
-0.361490545461
-0.51850460892
-0.373191034949
-0.509072558712
-0.38088326053
-0.502619820077
-0.386312774154
-0.497951767393
-0.390315402612
-0.494457545726
-0.393344164011
-0.491791113306
-0.395665997416
-0.48974213997
-0.397447612047
-0.488176416521
-0.398797306398
-0.487005568723
-0.39978719692
-0.48616999815
-0.400467051321
-0.485622323776
-0.400872361874
-0.48536203973
-0.401004663955
-0.485362092324
-0.400872376309
-0.485622414296
-0.400467260089
-0.486169791247
-0.399786914722
-0.487005940907
-0.398796483108
-0.488177306663
-0.397446409841
-0.489743364911
-0.395664589271
-0.491792503833
-0.393342694622
-0.494458967128
-0.390313983519
-0.497953118625
-0.38631148677
-0.502621029073
-0.380882160586
-0.509073577644
-0.373190156559
-0.518505410317
-0.361489904307
-0.533651573177
-0.341330852629
-0.562735564577
-0.296105240419
-0.651874993402
