-0.651874789501
-0.296105483687
-0.562735084248
-0.341331406088
-0.533650754556
-0.361490825312
-0.518504196717
-0.373191501028
-0.509071911152
-0.380883987116
-0.502618846282
-0.38631386047
-0.497950346284
-0.390316979754
-0.494455517898
-0.393346401323
-0.491788274134
-0.395669103142
-0.489738241222
-0.397451812683
-0.488171199175
-0.398802756744
-0.486998914909
-0.399793627122
-0.486162804835
-0.400471788222
-0.48562469242
-0.400867269125
-0.48536150373
-0.400996736554
-0.485362345848
-0.400865541298
-0.485627203566
-0.400468349416
-0.486166939685
-0.399788507628
-0.487004600361
-0.398795990507
-0.48817833501
-0.39744344137
-0.489746498209
-0.395659710209
-0.491793167544
-0.393338865004
-0.494460822582
-0.39031183473
-0.49795983001
-0.386310792624
-0.50262889301
-0.380872503881
-0.5090847006
-0.373181889611
-0.518513349719
-0.361484476982
-0.533656478966
-0.341327859216
-0.562738167971
-0.296104034858
-0.65187600362
