time ./heisenberg 60 4 5

The infinite system DMRG part starts......
5	5	-0.425803520728
6	6	-0.428507551001
7	7	-0.430480289243
8	8	-0.431983467516
9	9	-0.4331670271
10	10	-0.434123271827
11	11	-0.434911857887
12	12	-0.435573511447
13	13	-0.436136365778
14	14	-0.43662129385
15	15	-0.437043080543
16	16	-0.437413691996
17	17	-0.437741452692
18	18	-0.438033874946
19	19	-0.438295834742
20	20	-0.438532427781
21	21	-0.438746547377
22	22	-0.438941890334
23	23	-0.439120142778
24	24	-0.439284147042
25	25	-0.439434820677
26	26	-0.439574459234
27	27	-0.439703473683
28	28	-0.439823794729
29	29	-0.439935490467
30	30	-0.440040238555
The infinite system DMRG part has been finished!

Then the finite system DMRG part starts......
30	30	-0.440040238555
31	29	-0.440040017207
32	28	-0.440040232208
33	27	-0.440040011088
34	26	-0.440040222759
35	25	-0.440040006635
36	24	-0.440040217611
37	23	-0.44004001011
38	22	-0.440040222485
39	21	-0.440040026873
40	20	-0.440040242101
41	19	-0.440040061536
42	18	-0.440040280162
43	17	-0.440040117795
44	16	-0.440040338859
45	15	-0.440040197857
46	14	-0.440040417771
47	13	-0.44004030123
48	12	-0.440040511877
49	11	-0.440040422551
50	10	-0.44004060852
51	9	-0.440040548179
52	8	-0.440040684641
53	7	-0.440040652655
54	6	-0.440040712647
55	5	-0.440040703276
5	55	-0.440040703276
6	54	-0.440040712904
7	53	-0.440040706743
8	52	-0.440040740613
9	51	-0.440040712504
10	50	-0.440040777798
11	49	-0.440040719398
12	48	-0.440040817056
13	47	-0.440040726289
14	46	-0.440040853983
15	45	-0.440040732388
16	44	-0.440040886415
17	43	-0.440040737246
18	42	-0.440040913486
19	41	-0.440040740649
20	40	-0.440040935004
21	39	-0.440040742539
22	38	-0.440040951087
23	37	-0.440040742955
24	36	-0.440040961947
25	35	-0.440040741992
26	34	-0.440040967744
27	33	-0.440040739776
28	32	-0.440040968408
29	31	-0.44004073643
30	30	-0.440040963067
31	29	-0.440040731985
32	28	-0.440040952137
33	27	-0.440040725004
34	26	-0.440040941854
35	25	-0.440040721646
36	24	-0.440040937715
37	23	-0.440040727313
38	22	-0.440040944551
39	21	-0.44004074683
40	20	-0.440040966556
41	19	-0.440040784444
42	18	-0.440041007085
43	17	-0.44004084359
44	16	-0.440041068087
45	15	-0.440040926277
46	14	-0.440041148966
47	13	-0.440041031871
48	12	-0.440041244581
49	11	-0.440041154903
50	10	-0.440041342213
51	9	-0.440041281676
52	8	-0.440041418816
53	7	-0.440041386747
54	6	-0.440041446925
55	5	-0.440041437535
5	55	-0.440041437535
6	54	-0.440041447182
7	53	-0.440041441013
8	52	-0.440041474975
9	51	-0.440041446801
10	50	-0.440041512321
11	49	-0.440041453745
12	48	-0.440041551824
13	47	-0.440041460707
14	46	-0.440041589081
15	45	-0.440041466903
16	44	-0.440041621935
17	43	-0.440041471881
18	42	-0.440041649533
19	41	-0.440041475428
20	40	-0.440041671711
21	39	-0.440041477488
22	38	-0.440041688631
23	37	-0.440041478101
24	36	-0.440041700591
25	35	-0.440041477367
26	34	-0.440041707918
27	33	-0.440041475429
28	32	-0.440041710911
29	31	-0.440041472456
30	30	-0.440041709806
31	29	-0.440041468637
32	28	-0.440041704707
33	27	-0.440041464174
34	26	-0.440041695312
35	25	-0.440041458762
36	24	-0.440041681411
37	23	-0.440041452299
38	22	-0.440041662825
39	21	-0.440041444793
40	20	-0.440041639405
41	19	-0.440041436343
42	18	-0.440041611066
43	17	-0.440041427137
44	16	-0.440041577884
45	15	-0.440041417465
46	14	-0.440041540277
47	13	-0.440041407736
48	12	-0.440041499326
49	11	-0.440041398498
50	10	-0.440041457342
51	9	-0.440041390434
52	8	-0.4400414187
53	7	-0.440041384316
54	6	-0.440041390492
55	5	-0.440041380797
5	55	-0.440041380797
6	54	-0.440041390491
7	53	-0.440041384297
8	52	-0.440041418684
9	51	-0.44004139031
10	50	-0.440041457232
11	49	-0.440041398085
12	48	-0.440041498959
13	47	-0.440041406773
14	46	-0.440041539411
15	45	-0.440041415646
16	44	-0.440041576228
17	43	-0.440041424141
18	42	-0.440041608306
19	41	-0.440041431852
20	40	-0.440041635225
21	39	-0.440041438498
22	38	-0.440041656915
23	37	-0.440041443888
24	36	-0.440041673458
25	35	-0.440041447897
26	34	-0.440041684985
27	33	-0.440041450446
28	32	-0.440041691613
29	31	-0.440041451481
30	30	-0.440041693411
31	29	-0.440041450968
32	28	-0.440041690388
33	27	-0.440041448875
34	26	-0.440041682526
35	25	-0.440041445225
36	24	-0.440041669771
37	23	-0.440041440089
38	22	-0.440041652039
39	21	-0.440041433584
40	20	-0.440041629246
41	19	-0.44004142588
42	18	-0.440041601356
43	17	-0.440041417219
44	16	-0.440041568483
45	15	-0.44004140793
46	14	-0.440041531073
47	13	-0.440041398455
48	12	-0.440041490236
49	11	-0.440041389369
50	10	-0.440041448307
51	9	-0.440041381384
52	8	-0.440041409684
53	7	-0.440041375295
54	6	-0.440041381477
55	5	-0.440041371782
5	55	-0.440041371782
6	54	-0.440041381477
7	53	-0.440041375282
8	52	-0.440041409673
9	51	-0.440041381296
10	50	-0.440041448229
11	49	-0.440041389074
12	48	-0.440041489973
13	47	-0.440041397771
14	46	-0.440041530455
15	45	-0.440041406661
16	44	-0.440041567321
17	43	-0.440041415189
18	42	-0.440041599473
19	41	-0.440041422954
20	40	-0.4400416265
21	39	-0.440041429682
22	38	-0.440041648339
23	37	-0.440041435191
24	36	-0.440041665084
25	35	-0.440041439365
26	34	-0.440041676876
27	33	-0.440041442138
28	32	-0.440041683848
29	31	-0.440041443472
30	30	-0.44004168609
31	29	-0.440041443354
32	28	-0.440041683634
33	27	-0.440041441788
34	26	-0.440041676452
35	25	-0.440041438793
36	24	-0.440041664458
37	23	-0.440041434415
38	22	-0.440041647527
39	21	-0.440041428728
40	20	-0.440041625523
41	19	-0.440041421853
42	18	-0.440041598358
43	17	-0.440041413974
44	16	-0.440041566099
45	15	-0.440041405368
46	14	-0.440041529158
47	13	-0.440041396429
48	12	-0.44004148863
49	11	-0.440041387708
50	10	-0.440041446863
51	9	-0.440041379921
52	8	-0.440041408297
53	7	-0.440041373904
54	6	-0.440041380098
55	5	-0.440041370403

real	529m18.492s
user	510m37.814s
sys	4m56.738s
