time ./heisenberg 16 4 5
The infinite system DMRG part starts......
5	5	-0.425803520728
6	6	-0.428507551001
7	7	-0.430480289243
8	8	-0.431983467516
The infinite system DMRG part has been finished!

Then the finite system DMRG part starts......
8	8	-0.431983467516
9	7	-0.431983448419
10	6	-0.431983488876
11	5	-0.431983477703
5	11	-0.431983477703
6	10	-0.431983489229
7	9	-0.431983480095
8	8	-0.431983499647
9	7	-0.431983480217
10	6	-0.431983520762
11	5	-0.431983509555
5	11	-0.431983509555
6	10	-0.431983521115
7	9	-0.431983511956
8	8	-0.431983531846
9	7	-0.43198351192
10	6	-0.431983521075
11	5	-0.431983509512
5	11	-0.431983509512
6	10	-0.431983521075
7	9	-0.431983511915
8	8	-0.431983531841
9	7	-0.431983511914
10	6	-0.431983521074
11	5	-0.431983509512
5	11	-0.431983509512
6	10	-0.431983521074
7	9	-0.431983511914
8	8	-0.431983531841
9	7	-0.431983511914
10	6	-0.431983521074
11	5	-0.431983509512

real	65m53.795s
user	65m16.804s
sys	0m15.440s
